1000
0	2.706793e+00	1.626960e+00	2.234216e+00	0.000000e+00	0.000000e+00
1	2.234216e+00	2.536867e-01	1.687426e+00	0.000000e+00	0.000000e+00
2	1.687426e+00	4.506569e-01	3.739680e+00	0.000000e+00	0.000000e+00
3	3.739680e+00	3.996791e+00	2.357317e+00	0.000000e+00	0.000000e+00
4	2.357317e+00	5.465388e-01	3.538369e+00	0.000000e+00	0.000000e+00
5	3.538369e+00	2.482803e+00	3.645353e+00	0.000000e+00	0.000000e+00
6	3.645353e+00	1.626181e+00	2.703435e-01	0.000000e+00	0.000000e+00
7	2.703435e-01	2.297514e+00	3.183950e+00	0.000000e+00	0.000000e+00
8	3.183950e+00	2.139133e-01	2.464753e+00	0.000000e+00	0.000000e+00
9	2.464753e+00	1.303630e+00	2.598850e+00	0.000000e+00	0.000000e+00
10	2.598850e+00	1.042352e-02	1.532807e+00	0.000000e+00	0.000000e+00
11	1.532807e+00	2.244639e+00	2.955008e+00	0.000000e+00	0.000000e+00
12	2.955008e+00	3.932065e+00	5.125378e-01	0.000000e+00	0.000000e+00
13	5.125378e-01	3.671746e+00	6.403478e-01	0.000000e+00	0.000000e+00
14	6.403478e-01	2.029063e+00	3.890439e+00	0.000000e+00	0.000000e+00
15	3.890439e+00	1.567432e+00	2.875497e+00	0.000000e+00	0.000000e+00
16	2.875497e+00	1.212785e+00	2.304616e+00	0.000000e+00	0.000000e+00
17	2.304616e+00	1.483129e+00	8.306468e-01	0.000000e+00	0.000000e+00
18	8.306468e-01	6.670784e-01	5.860725e-01	0.000000e+00	0.000000e+00
19	5.860725e-01	3.131832e+00	1.493581e+00	0.000000e+00	0.000000e+00
20	1.493581e+00	1.730682e+00	2.804925e-02	0.000000e+00	0.000000e+00
21	2.804925e-02	3.263488e+00	2.816204e+00	0.000000e+00	0.000000e+00
22	2.816204e+00	2.218496e+00	2.055016e+00	0.000000e+00	0.000000e+00
23	2.055016e+00	2.731034e+00	1.290618e+00	0.000000e+00	0.000000e+00
24	1.290618e+00	3.371382e+00	1.072759e+00	0.000000e+00	0.000000e+00
25	1.072759e+00	3.261821e+00	3.337703e+00	0.000000e+00	0.000000e+00
26	3.337703e+00	2.137317e+00	3.228828e+00	0.000000e+00	0.000000e+00
27	3.228828e+00	4.419331e-01	1.417466e+00	0.000000e+00	0.000000e+00
28	1.417466e+00	1.272580e+00	3.820017e+00	0.000000e+00	0.000000e+00
29	3.820017e+00	1.858652e+00	3.526199e+00	0.000000e+00	0.000000e+00
30	3.526199e+00	3.352234e+00	3.242804e+00	0.000000e+00	0.000000e+00
31	3.242804e+00	3.380283e+00	1.204049e+00	0.000000e+00	0.000000e+00
32	1.204049e+00	2.196487e+00	3.097358e+00	0.000000e+00	0.000000e+00
33	3.097358e+00	2.515029e-01	6.624139e-01	0.000000e+00	0.000000e+00
34	6.624139e-01	1.542121e+00	2.565321e-01	0.000000e+00	0.000000e+00
35	2.565321e-01	2.614881e+00	1.418082e+00	0.000000e+00	0.000000e+00
36	1.418082e+00	1.952584e+00	3.792417e+00	0.000000e+00	0.000000e+00
37	3.792417e+00	1.181411e+00	3.649880e+00	0.000000e+00	0.000000e+00
38	3.649880e+00	2.598877e+00	1.744217e-01	0.000000e+00	0.000000e+00
39	1.744217e-01	2.418894e+00	3.830795e+00	0.000000e+00	0.000000e+00
40	3.830795e+00	1.945093e+00	1.217850e+00	0.000000e+00	0.000000e+00
41	1.217850e+00	1.187897e+00	1.868394e+00	0.000000e+00	0.000000e+00
42	1.868394e+00	2.391946e+00	7.374332e-01	0.000000e+00	0.000000e+00
43	7.374332e-01	1.489304e+00	2.337507e+00	0.000000e+00	0.000000e+00
44	2.337507e+00	2.151718e+00	3.308962e+00	0.000000e+00	0.000000e+00
45	3.308962e+00	2.408250e+00	3.542237e+00	0.000000e+00	0.000000e+00
46	3.542237e+00	3.826332e+00	1.912831e+00	0.000000e+00	0.000000e+00
47	1.912831e+00	3.618749e+00	7.253568e-01	0.000000e+00	0.000000e+00
48	7.253568e-01	3.268629e+00	8.104631e-01	0.000000e+00	0.000000e+00
49	8.104631e-01	3.443050e+00	2.754222e+00	0.000000e+00	0.000000e+00
50	2.754222e+00	3.273845e+00	5.021411e-02	0.000000e+00	0.000000e+00
51	5.021411e-02	4.916953e-01	7.264892e-01	0.000000e+00	0.000000e+00
52	7.264892e-01	2.360089e+00	3.599251e+00	0.000000e+00	0.000000e+00
53	3.599251e+00	3.097522e+00	2.723516e+00	0.000000e+00	0.000000e+00
54	2.723516e+00	1.435029e+00	3.389902e+00	0.000000e+00	0.000000e+00
55	3.389902e+00	7.439903e-01	2.671169e+00	0.000000e+00	0.000000e+00
56	2.671169e+00	2.862277e-01	3.905019e+00	0.000000e+00	0.000000e+00
57	3.905019e+00	2.199058e+00	2.320280e+00	0.000000e+00	0.000000e+00
58	2.320280e+00	2.924415e+00	3.334419e+00	0.000000e+00	0.000000e+00
59	3.334419e+00	3.734878e+00	2.767451e+00	0.000000e+00	0.000000e+00
60	2.767451e+00	2.489100e+00	1.455760e-01	0.000000e+00	0.000000e+00
61	1.455760e-01	2.539314e+00	2.711598e+00	0.000000e+00	0.000000e+00
62	2.711598e+00	3.265803e+00	3.669566e+00	0.000000e+00	0.000000e+00
63	3.669566e+00	2.865055e+00	2.116838e+00	0.000000e+00	0.000000e+00
64	2.116838e+00	1.588571e+00	2.715828e+00	0.000000e+00	0.000000e+00
65	2.715828e+00	9.784734e-01	1.723069e+00	0.000000e+00	0.000000e+00
66	1.723069e+00	3.649642e+00	5.566410e-01	0.000000e+00	0.000000e+00
67	5.566410e-01	3.554661e+00	3.008962e+00	0.000000e+00	0.000000e+00
68	3.008962e+00	1.874942e+00	7.299112e-01	0.000000e+00	0.000000e+00
69	7.299112e-01	1.209360e+00	1.893911e+00	0.000000e+00	0.000000e+00
70	1.893911e+00	3.976811e+00	2.331756e+00	0.000000e+00	0.000000e+00
71	2.331756e+00	1.223872e-01	3.261296e+00	0.000000e+00	0.000000e+00
72	3.261296e+00	2.833985e+00	2.550925e+00	0.000000e+00	0.000000e+00
73	2.550925e+00	2.503552e+00	9.380758e-01	0.000000e+00	0.000000e+00
74	9.380758e-01	6.203897e-01	7.602554e-01	0.000000e+00	0.000000e+00
75	7.602554e-01	3.336218e+00	1.326425e+00	0.000000e+00	0.000000e+00
76	1.326425e+00	1.059287e+00	2.178823e+00	0.000000e+00	0.000000e+00
77	2.178823e+00	1.615928e+00	1.230279e+00	0.000000e+00	0.000000e+00
78	1.230279e+00	6.248896e-01	3.206150e+00	0.000000e+00	0.000000e+00
79	3.206150e+00	1.354801e+00	9.168993e-01	0.000000e+00	0.000000e+00
80	9.168993e-01	3.248712e+00	1.116749e+00	0.000000e+00	0.000000e+00
81	1.116749e+00	1.580467e+00	3.855912e+00	0.000000e+00	0.000000e+00
82	3.855912e+00	8.417631e-01	1.860879e+00	0.000000e+00	0.000000e+00
83	1.860879e+00	3.392688e+00	2.730901e+00	0.000000e+00	0.000000e+00
84	2.730901e+00	3.307636e-01	1.189493e+00	0.000000e+00	0.000000e+00
85	1.189493e+00	1.091019e+00	6.265592e-01	0.000000e+00	0.000000e+00
86	6.265592e-01	2.417444e+00	3.713268e+00	0.000000e+00	0.000000e+00
87	3.713268e+00	5.962672e-01	2.354637e+00	0.000000e+00	0.000000e+00
88	2.354637e+00	1.826546e+00	2.870949e+00	0.000000e+00	0.000000e+00
89	2.870949e+00	1.032696e+00	5.966212e-01	0.000000e+00	0.000000e+00
90	5.966212e-01	1.949595e+00	2.299105e+00	0.000000e+00	0.000000e+00
91	2.299105e+00	3.066344e+00	1.239752e-01	0.000000e+00	0.000000e+00
92	1.239752e-01	2.922256e+00	7.828312e-01	0.000000e+00	0.000000e+00
93	7.828312e-01	7.831351e-01	3.945239e+00	0.000000e+00	0.000000e+00
94	3.945239e+00	3.514036e+00	3.728036e+00	0.000000e+00	0.000000e+00
95	3.728036e+00	7.035289e-01	2.847051e+00	0.000000e+00	0.000000e+00
96	2.847051e+00	1.330088e+00	3.025353e+00	0.000000e+00	0.000000e+00
97	3.025353e+00	1.043356e+00	8.195833e-01	0.000000e+00	0.000000e+00
98	8.195833e-01	3.397993e+00	3.238703e+00	0.000000e+00	0.000000e+00
99	3.238703e+00	2.268942e+00	3.012623e+00	0.000000e+00	0.000000e+00
100	3.012623e+00	2.865563e+00	2.035255e+00	0.000000e+00	0.000000e+00
101	2.035255e+00	1.164668e+00	2.638355e+00	0.000000e+00	0.000000e+00
102	2.638355e+00	1.288643e+00	8.321747e-02	0.000000e+00	0.000000e+00
103	8.321747e-02	2.071474e+00	9.207679e-01	0.000000e+00	0.000000e+00
104	9.207679e-01	2.016713e+00	2.089082e+00	0.000000e+00	0.000000e+00
105	2.089082e+00	1.744749e+00	3.484147e-01	0.000000e+00	0.000000e+00
106	3.484147e-01	5.918001e-01	1.025192e+00	0.000000e+00	0.000000e+00
107	1.025192e+00	3.617154e+00	2.298236e+00	0.000000e+00	0.000000e+00
108	2.298236e+00	4.367368e-01	1.397827e+00	0.000000e+00	0.000000e+00
109	1.397827e+00	3.675440e+00	1.530114e+00	0.000000e+00	0.000000e+00
110	1.530114e+00	2.688063e+00	3.611996e+00	0.000000e+00	0.000000e+00
111	3.611996e+00	7.233184e-01	7.602218e-01	0.000000e+00	0.000000e+00
112	7.602218e-01	3.361673e+00	8.307040e-01	0.000000e+00	0.000000e+00
113	8.307040e-01	3.444891e+00	1.684321e+00	0.000000e+00	0.000000e+00
114	1.684321e+00	3.656586e-01	2.051974e+00	0.000000e+00	0.000000e+00
115	2.051974e+00	2.454740e+00	3.123156e+00	0.000000e+00	0.000000e+00
116	3.123156e+00	2.803155e+00	1.524426e+00	0.000000e+00	0.000000e+00
117	1.524426e+00	3.828347e+00	9.690517e-01	0.000000e+00	0.000000e+00
118	9.690517e-01	2.126583e+00	3.811670e+00	0.000000e+00	0.000000e+00
119	3.811670e+00	3.524410e+00	9.232306e-01	0.000000e+00	0.000000e+00
120	9.232306e-01	1.054524e+00	9.003541e-01	0.000000e+00	0.000000e+00
121	9.003541e-01	6.665199e-01	2.042145e+00	0.000000e+00	0.000000e+00
122	2.042145e+00	1.426742e+00	4.725792e-01	0.000000e+00	0.000000e+00
123	4.725792e-01	2.257446e+00	9.744871e-01	0.000000e+00	0.000000e+00
124	9.744871e-01	3.941767e+00	3.493108e+00	0.000000e+00	0.000000e+00
125	3.493108e+00	1.993741e+00	3.756477e+00	0.000000e+00	0.000000e+00
126	3.756477e+00	1.116897e+00	6.116468e-01	0.000000e+00	0.000000e+00
127	6.116468e-01	2.641323e+00	1.083970e+00	0.000000e+00	0.000000e+00
128	1.083970e+00	3.610375e+00	1.993030e+00	0.000000e+00	0.000000e+00
129	1.993030e+00	3.422045e+00	2.577529e+00	0.000000e+00	0.000000e+00
130	2.577529e+00	3.452758e-01	1.850092e+00	0.000000e+00	0.000000e+00
131	1.850092e+00	1.245630e+00	1.845973e+00	0.000000e+00	0.000000e+00
132	1.845973e+00	3.287775e+00	1.203527e+00	0.000000e+00	0.000000e+00
133	1.203527e+00	3.760354e+00	5.971858e-03	0.000000e+00	0.000000e+00
134	5.971858e-03	7.348415e-01	3.174075e+00	0.000000e+00	0.000000e+00
135	3.174075e+00	2.279493e-01	7.969195e-01	0.000000e+00	0.000000e+00
136	7.969195e-01	3.984427e+00	1.222919e+00	0.000000e+00	0.000000e+00
137	1.222919e+00	5.960733e-01	1.477265e+00	0.000000e+00	0.000000e+00
138	1.477265e+00	1.680043e+00	3.858195e+00	0.000000e+00	0.000000e+00
139	3.858195e+00	3.673073e+00	1.763535e+00	0.000000e+00	0.000000e+00
140	1.763535e+00	2.250602e+00	7.233990e-01	0.000000e+00	0.000000e+00
141	7.233990e-01	1.006936e-01	3.497831e-01	0.000000e+00	0.000000e+00
142	3.497831e-01	1.946666e+00	1.402909e+00	0.000000e+00	0.000000e+00
143	1.402909e+00	3.150193e+00	7.134803e-01	0.000000e+00	0.000000e+00
144	7.134803e-01	3.156165e+00	3.965819e+00	0.000000e+00	0.000000e+00
145	3.965819e+00	2.330240e+00	1.211898e+00	0.000000e+00	0.000000e+00
146	1.211898e+00	3.127160e+00	3.574875e+00	0.000000e+00	0.000000e+00
147	3.574875e+00	3.500786e-01	5.791751e-01	0.000000e+00	0.000000e+00
148	5.791751e-01	1.827343e+00	1.193850e+00	0.000000e+00	0.000000e+00
149	1.193850e+00	1.685538e+00	1.230571e+00	0.000000e+00	0.000000e+00
150	1.230571e+00	3.449073e+00	1.612567e+00	0.000000e+00	0.000000e+00
151	1.612567e+00	1.724717e-01	3.240193e+00	0.000000e+00	0.000000e+00
152	3.240193e+00	5.222548e-01	1.555939e-01	0.000000e+00	0.000000e+00
153	1.555939e-01	1.925164e+00	8.313494e-01	0.000000e+00	0.000000e+00
154	8.313494e-01	2.638644e+00	2.241946e+00	0.000000e+00	0.000000e+00
155	2.241946e+00	2.604463e+00	3.880493e+00	0.000000e+00	0.000000e+00
156	3.880493e+00	3.816361e+00	1.503466e+00	0.000000e+00	0.000000e+00
157	1.503466e+00	3.391236e+00	3.722512e+00	0.000000e+00	0.000000e+00
158	3.722512e+00	3.970411e+00	3.621601e+00	0.000000e+00	0.000000e+00
159	3.621601e+00	1.164261e+00	3.193763e+00	0.000000e+00	0.000000e+00
160	3.193763e+00	2.394832e+00	1.016527e+00	0.000000e+00	0.000000e+00
161	1.016527e+00	7.398389e-03	2.939984e+00	0.000000e+00	0.000000e+00
162	2.939984e+00	3.247591e+00	2.810108e+00	0.000000e+00	0.000000e+00
163	2.810108e+00	3.403185e+00	1.830425e+00	0.000000e+00	0.000000e+00
164	1.830425e+00	2.345344e-01	6.907048e-03	0.000000e+00	0.000000e+00
165	6.907048e-03	2.476481e+00	5.136295e-01	0.000000e+00	0.000000e+00
166	5.136295e-01	2.356974e+00	1.475119e-01	0.000000e+00	0.000000e+00
167	1.475119e-01	3.860439e+00	1.314729e-01	0.000000e+00	0.000000e+00
168	1.314729e-01	3.582951e+00	1.942777e+00	0.000000e+00	0.000000e+00
169	1.942777e+00	3.204552e+00	1.439620e+00	0.000000e+00	0.000000e+00
170	1.439620e+00	2.398315e+00	3.855347e-01	0.000000e+00	0.000000e+00
171	3.855347e-01	3.414842e+00	3.503921e+00	0.000000e+00	0.000000e+00
172	3.503921e+00	2.354826e+00	3.144563e+00	0.000000e+00	0.000000e+00
173	3.144563e+00	1.164934e+00	7.103681e-01	0.000000e+00	0.000000e+00
174	7.103681e-01	2.995360e+00	9.148172e-01	0.000000e+00	0.000000e+00
175	9.148172e-01	3.002267e+00	3.723729e+00	0.000000e+00	0.000000e+00
176	3.723729e+00	3.515896e+00	2.349002e+00	0.000000e+00	0.000000e+00
177	2.349002e+00	3.663408e+00	3.655102e-01	0.000000e+00	0.000000e+00
178	3.655102e-01	3.794881e+00	2.352430e+00	0.000000e+00	0.000000e+00
179	2.352430e+00	1.737658e+00	1.503610e+00	0.000000e+00	0.000000e+00
180	1.503610e+00	3.177278e+00	3.049623e+00	0.000000e+00	0.000000e+00
181	3.049623e+00	3.562813e+00	6.030336e-01	0.000000e+00	0.000000e+00
182	6.030336e-01	3.066734e+00	1.404035e+00	0.000000e+00	0.000000e+00
183	1.404035e+00	2.211297e+00	1.608222e+00	0.000000e+00	0.000000e+00
184	1.608222e+00	2.921665e+00	2.046944e+00	0.000000e+00	0.000000e+00
185	2.046944e+00	3.836482e+00	9.621458e-01	0.000000e+00	0.000000e+00
186	9.621458e-01	3.560211e+00	2.234322e+00	0.000000e+00	0.000000e+00
187	2.234322e+00	1.909213e+00	3.366937e+00	0.000000e+00	0.000000e+00
188	3.366937e+00	2.274723e+00	8.250286e-02	0.000000e+00	0.000000e+00
189	8.250286e-02	6.271529e-01	2.621202e-03	0.000000e+00	0.000000e+00
190	2.621202e-03	2.130763e+00	2.321055e+00	0.000000e+00	0.000000e+00
191	2.321055e+00	1.180386e+00	5.433023e-02	0.000000e+00	0.000000e+00
192	5.433023e-02	1.783420e+00	1.424321e-01	0.000000e+00	0.000000e+00
193	1.424321e-01	3.187455e+00	1.395468e+00	0.000000e+00	0.000000e+00
194	1.395468e+00	7.956775e-01	1.643864e+00	0.000000e+00	0.000000e+00
195	1.643864e+00	2.842621e+00	8.945268e-01	0.000000e+00	0.000000e+00
196	8.945268e-01	3.804767e+00	3.661085e+00	0.000000e+00	0.000000e+00
197	3.661085e+00	2.039088e+00	2.091052e+00	0.000000e+00	0.000000e+00
198	2.091052e+00	1.406025e+00	3.158994e-01	0.000000e+00	0.000000e+00
199	3.158994e-01	1.488528e+00	2.784052e-01	0.000000e+00	0.000000e+00
200	2.784052e-01	1.491149e+00	3.418189e+00	0.000000e+00	0.000000e+00
201	3.418189e+00	3.812204e+00	2.120785e+00	0.000000e+00	0.000000e+00
202	2.120785e+00	3.866534e+00	3.890116e+00	0.000000e+00	0.000000e+00
203	3.890116e+00	8.966228e-03	3.870743e+00	0.000000e+00	0.000000e+00
204	3.870743e+00	1.404435e+00	2.773036e+00	0.000000e+00	0.000000e+00
205	2.773036e+00	3.048299e+00	1.511810e+00	0.000000e+00	0.000000e+00
206	1.511810e+00	3.942826e+00	3.810797e+00	0.000000e+00	0.000000e+00
207	3.810797e+00	3.603911e+00	1.899548e-02	0.000000e+00	0.000000e+00
208	1.899548e-02	1.694963e+00	2.501918e+00	0.000000e+00	0.000000e+00
209	2.501918e+00	2.010863e+00	1.611993e+00	0.000000e+00	0.000000e+00
210	1.611993e+00	2.289268e+00	2.852831e+00	0.000000e+00	0.000000e+00
211	2.852831e+00	1.707457e+00	1.274055e+00	0.000000e+00	0.000000e+00
212	1.274055e+00	3.828242e+00	1.478699e+00	0.000000e+00	0.000000e+00
213	1.478699e+00	3.718358e+00	8.707986e-01	0.000000e+00	0.000000e+00
214	8.707986e-01	3.589101e+00	1.058575e+00	0.000000e+00	0.000000e+00
215	1.058575e+00	2.362136e+00	8.897312e-02	0.000000e+00	0.000000e+00
216	8.897312e-02	3.873947e+00	2.924138e+00	0.000000e+00	0.000000e+00
217	2.924138e+00	3.684743e+00	3.798391e+00	0.000000e+00	0.000000e+00
218	3.798391e+00	3.703739e+00	2.078669e+00	0.000000e+00	0.000000e+00
219	2.078669e+00	2.205656e+00	1.847475e+00	0.000000e+00	0.000000e+00
220	1.847475e+00	3.817649e+00	3.107430e+00	0.000000e+00	0.000000e+00
221	3.107430e+00	2.670480e+00	1.795896e-01	0.000000e+00	0.000000e+00
222	1.795896e-01	3.944535e+00	1.118283e+00	0.000000e+00	0.000000e+00
223	1.118283e+00	1.423234e+00	2.065942e+00	0.000000e+00	0.000000e+00
224	2.065942e+00	2.294033e+00	4.180365e-01	0.000000e+00	0.000000e+00
225	4.180365e-01	3.352608e+00	1.818430e+00	0.000000e+00	0.000000e+00
226	1.818430e+00	3.441581e+00	3.161649e+00	0.000000e+00	0.000000e+00
227	3.161649e+00	2.365719e+00	1.087793e-01	0.000000e+00	0.000000e+00
228	1.087793e-01	2.164110e+00	2.750873e+00	0.000000e+00	0.000000e+00
229	2.750873e+00	2.427790e-01	3.403829e+00	0.000000e+00	0.000000e+00
230	3.403829e+00	2.090254e+00	2.346053e+00	0.000000e+00	0.000000e+00
231	2.346053e+00	1.197685e+00	2.995733e+00	0.000000e+00	0.000000e+00
232	2.995733e+00	1.377274e+00	3.473656e+00	0.000000e+00	0.000000e+00
233	3.473656e+00	2.495557e+00	3.669936e+00	0.000000e+00	0.000000e+00
234	3.669936e+00	5.614992e-01	3.455316e+00	0.000000e+00	0.000000e+00
235	3.455316e+00	9.795358e-01	1.602833e+00	0.000000e+00	0.000000e+00
236	1.602833e+00	2.797966e+00	3.624296e+00	0.000000e+00	0.000000e+00
237	3.624296e+00	1.959614e+00	1.330503e+00	0.000000e+00	0.000000e+00
238	1.330503e+00	2.068394e+00	2.740448e+00	0.000000e+00	0.000000e+00
239	2.740448e+00	8.192665e-01	2.356050e+00	0.000000e+00	0.000000e+00
240	2.356050e+00	2.230953e-01	1.789300e+00	0.000000e+00	0.000000e+00
241	1.789300e+00	2.569148e+00	3.893031e+00	0.000000e+00	0.000000e+00
242	3.893031e+00	1.564881e+00	1.941296e+00	0.000000e+00	0.000000e+00
243	1.941296e+00	1.038537e+00	1.412796e+00	0.000000e+00	0.000000e+00
244	1.412796e+00	7.084722e-01	3.178328e+00	0.000000e+00	0.000000e+00
245	3.178328e+00	1.637883e-01	2.964692e-01	0.000000e+00	0.000000e+00
246	2.964692e-01	1.766621e+00	8.561916e-01	0.000000e+00	0.000000e+00
247	8.561916e-01	1.390917e+00	3.781633e+00	0.000000e+00	0.000000e+00
248	3.781633e+00	2.721420e+00	8.711850e-01	0.000000e+00	0.000000e+00
249	8.711850e-01	1.461869e+00	2.203516e+00	0.000000e+00	0.000000e+00
250	2.203516e+00	3.817919e+00	1.626101e+00	0.000000e+00	0.000000e+00
251	1.626101e+00	1.607219e+00	2.246370e+00	0.000000e+00	0.000000e+00
252	2.246370e+00	1.500250e+00	2.439136e-01	0.000000e+00	0.000000e+00
253	2.439136e-01	3.441546e+00	7.370140e-01	0.000000e+00	0.000000e+00
254	7.370140e-01	8.543415e-01	1.791614e+00	0.000000e+00	0.000000e+00
255	1.791614e+00	3.266962e-02	3.825749e+00	0.000000e+00	0.000000e+00
256	3.825749e+00	3.291388e-01	6.578500e-01	0.000000e+00	0.000000e+00
257	6.578500e-01	1.185330e+00	3.449565e+00	0.000000e+00	0.000000e+00
258	3.449565e+00	9.669637e-01	3.096747e-01	0.000000e+00	0.000000e+00
259	3.096747e-01	1.838149e+00	1.989050e+00	0.000000e+00	0.000000e+00
260	1.989050e+00	4.166449e-02	3.891521e+00	0.000000e+00	0.000000e+00
261	3.891521e+00	1.667765e+00	3.631404e-01	0.000000e+00	0.000000e+00
262	3.631404e-01	3.914135e+00	2.399641e+00	0.000000e+00	0.000000e+00
263	2.399641e+00	1.580488e-01	1.474677e+00	0.000000e+00	0.000000e+00
264	1.474677e+00	8.950628e-01	1.258186e+00	0.000000e+00	0.000000e+00
265	1.258186e+00	2.686676e+00	1.205484e+00	0.000000e+00	0.000000e+00
266	1.205484e+00	2.512426e+00	2.919402e+00	0.000000e+00	0.000000e+00
267	2.919402e+00	3.170276e+00	2.024238e+00	0.000000e+00	0.000000e+00
268	2.024238e+00	2.619841e+00	3.850494e+00	0.000000e+00	0.000000e+00
269	3.850494e+00	2.929516e+00	3.138620e+00	0.000000e+00	0.000000e+00
270	3.138620e+00	9.185661e-01	2.244664e+00	0.000000e+00	0.000000e+00
271	2.244664e+00	8.100874e-01	2.957927e+00	0.000000e+00	0.000000e+00
272	2.957927e+00	1.173228e+00	1.171441e+00	0.000000e+00	0.000000e+00
273	1.171441e+00	3.572868e+00	2.826500e+00	0.000000e+00	0.000000e+00
274	2.826500e+00	1.047546e+00	1.335901e+00	0.000000e+00	0.000000e+00
275	1.335901e+00	2.305732e+00	3.877972e+00	0.000000e+00	0.000000e+00
276	3.877972e+00	3.511216e+00	2.749181e+00	0.000000e+00	0.000000e+00
277	2.749181e+00	2.430618e+00	2.805720e+00	0.000000e+00	0.000000e+00
278	2.805720e+00	4.548558e-01	3.829224e+00	0.000000e+00	0.000000e+00
279	3.829224e+00	3.053502e-01	2.690876e+00	0.000000e+00	0.000000e+00
280	2.690876e+00	3.443970e+00	1.594192e+00	0.000000e+00	0.000000e+00
281	1.594192e+00	1.688633e+00	2.165274e+00	0.000000e+00	0.000000e+00
282	2.165274e+00	6.465607e-01	2.650491e+00	0.000000e+00	0.000000e+00
283	2.650491e+00	1.818001e+00	3.293757e+00	0.000000e+00	0.000000e+00
284	3.293757e+00	6.445016e-01	8.320855e-01	0.000000e+00	0.000000e+00
285	8.320855e-01	1.980403e+00	1.057091e+00	0.000000e+00	0.000000e+00
286	1.057091e+00	1.858374e+00	3.794521e+00	0.000000e+00	0.000000e+00
287	3.794521e+00	6.075550e-01	1.702227e+00	0.000000e+00	0.000000e+00
288	1.702227e+00	3.413275e+00	2.229774e+00	0.000000e+00	0.000000e+00
289	2.229774e+00	3.242499e+00	1.686837e+00	0.000000e+00	0.000000e+00
290	1.686837e+00	1.933375e+00	2.062466e+00	0.000000e+00	0.000000e+00
291	2.062466e+00	3.527568e+00	3.248183e+00	0.000000e+00	0.000000e+00
292	3.248183e+00	1.692842e+00	1.607127e+00	0.000000e+00	0.000000e+00
293	1.607127e+00	3.433330e-01	3.538939e+00	0.000000e+00	0.000000e+00
294	3.538939e+00	3.637090e+00	2.518298e+00	0.000000e+00	0.000000e+00
295	2.518298e+00	4.691754e-01	3.803388e+00	0.000000e+00	0.000000e+00
296	3.803388e+00	1.526266e+00	5.996942e-01	0.000000e+00	0.000000e+00
297	5.996942e-01	1.320787e+00	3.826618e+00	0.000000e+00	0.000000e+00
298	3.826618e+00	3.023014e+00	3.508398e+00	0.000000e+00	0.000000e+00
299	3.508398e+00	1.252789e+00	3.495528e+00	0.000000e+00	0.000000e+00
300	3.495528e+00	2.939626e+00	2.926628e+00	0.000000e+00	0.000000e+00
301	2.926628e+00	1.002092e+00	4.636095e-02	0.000000e+00	0.000000e+00
302	4.636095e-02	2.502749e-01	1.812655e+00	0.000000e+00	0.000000e+00
303	1.812655e+00	1.857402e+00	1.396950e+00	0.000000e+00	0.000000e+00
304	1.396950e+00	1.396341e+00	1.625747e+00	0.000000e+00	0.000000e+00
305	1.625747e+00	3.914639e+00	3.834947e+00	0.000000e+00	0.000000e+00
306	3.834947e+00	3.718027e+00	3.902520e+00	0.000000e+00	0.000000e+00
307	3.902520e+00	3.177211e-01	5.776491e-01	0.000000e+00	0.000000e+00
308	5.776491e-01	1.443393e-01	6.660533e-01	0.000000e+00	0.000000e+00
309	6.660533e-01	3.652737e+00	3.996957e+00	0.000000e+00	0.000000e+00
310	3.996957e+00	3.148265e+00	1.261236e+00	0.000000e+00	0.000000e+00
311	1.261236e+00	2.074893e+00	2.053082e+00	0.000000e+00	0.000000e+00
312	2.053082e+00	2.121254e+00	5.377701e-01	0.000000e+00	0.000000e+00
313	5.377701e-01	3.933909e+00	3.365791e+00	0.000000e+00	0.000000e+00
314	3.365791e+00	1.330859e+00	1.830903e+00	0.000000e+00	0.000000e+00
315	1.830903e+00	2.956606e+00	7.651890e-01	0.000000e+00	0.000000e+00
316	7.651890e-01	2.791553e+00	1.225741e+00	0.000000e+00	0.000000e+00
317	1.225741e+00	2.694073e+00	3.007081e+00	0.000000e+00	0.000000e+00
318	3.007081e+00	3.271723e+00	3.811434e+00	0.000000e+00	0.000000e+00
319	3.811434e+00	3.937776e+00	1.868577e+00	0.000000e+00	0.000000e+00
320	1.868577e+00	3.934733e+00	2.865345e+00	0.000000e+00	0.000000e+00
321	2.865345e+00	1.195968e+00	8.642056e-01	0.000000e+00	0.000000e+00
322	8.642056e-01	3.249050e+00	3.113341e+00	0.000000e+00	0.000000e+00
323	3.113341e+00	3.786820e+00	3.219878e+00	0.000000e+00	0.000000e+00
324	3.219878e+00	3.152612e+00	7.227565e-01	0.000000e+00	0.000000e+00
325	7.227565e-01	9.835141e-01	2.140274e+00	0.000000e+00	0.000000e+00
326	2.140274e+00	1.748703e+00	3.275818e+00	0.000000e+00	0.000000e+00
327	3.275818e+00	2.974445e+00	7.290830e-01	0.000000e+00	0.000000e+00
328	7.290830e-01	1.981525e+00	2.326688e+00	0.000000e+00	0.000000e+00
329	2.326688e+00	1.792960e+00	3.577029e+00	0.000000e+00	0.000000e+00
330	3.577029e+00	3.661537e+00	3.975637e+00	0.000000e+00	0.000000e+00
331	3.975637e+00	2.526882e+00	2.449137e+00	0.000000e+00	0.000000e+00
332	2.449137e+00	3.391087e+00	3.043891e+00	0.000000e+00	0.000000e+00
333	3.043891e+00	2.504428e+00	3.572555e+00	0.000000e+00	0.000000e+00
334	3.572555e+00	1.724306e+00	1.432077e+00	0.000000e+00	0.000000e+00
335	1.432077e+00	2.447063e+00	2.248206e+00	0.000000e+00	0.000000e+00
336	2.248206e+00	5.873364e-01	1.855887e+00	0.000000e+00	0.000000e+00
337	1.855887e+00	3.863154e+00	1.576424e-01	0.000000e+00	0.000000e+00
338	1.576424e-01	5.922371e-01	1.731120e+00	0.000000e+00	0.000000e+00
339	1.731120e+00	2.918925e+00	3.242373e+00	0.000000e+00	0.000000e+00
340	3.242373e+00	2.495954e+00	6.883594e-01	0.000000e+00	0.000000e+00
341	6.883594e-01	2.471591e+00	3.330314e+00	0.000000e+00	0.000000e+00
342	3.330314e+00	9.207279e-01	1.221318e+00	0.000000e+00	0.000000e+00
343	1.221318e+00	3.964619e+00	2.899143e+00	0.000000e+00	0.000000e+00
344	2.899143e+00	3.537174e+00	3.729579e+00	0.000000e+00	0.000000e+00
345	3.729579e+00	9.692512e-01	1.543529e+00	0.000000e+00	0.000000e+00
346	1.543529e+00	3.217457e+00	1.106182e+00	0.000000e+00	0.000000e+00
347	1.106182e+00	1.073344e+00	3.643280e+00	0.000000e+00	0.000000e+00
348	3.643280e+00	1.230987e+00	1.619036e-01	0.000000e+00	0.000000e+00
349	1.619036e-01	2.962107e+00	2.473487e+00	0.000000e+00	0.000000e+00
350	2.473487e+00	2.204480e+00	4.466064e-01	0.000000e+00	0.000000e+00
351	4.466064e-01	2.892840e+00	9.466076e-01	0.000000e+00	0.000000e+00
352	9.466076e-01	2.223153e+00	8.376958e-01	0.000000e+00	0.000000e+00
353	8.376958e-01	3.444471e+00	3.233212e+00	0.000000e+00	0.000000e+00
354	3.233212e+00	2.343614e+00	3.353035e+00	0.000000e+00	0.000000e+00
355	3.353035e+00	2.073193e+00	1.919920e+00	0.000000e+00	0.000000e+00
356	1.919920e+00	3.616721e+00	1.074142e+00	0.000000e+00	0.000000e+00
357	1.074142e+00	7.229036e-01	9.151787e-02	0.000000e+00	0.000000e+00
358	9.151787e-02	3.661839e-01	3.701131e+00	0.000000e+00	0.000000e+00
359	3.701131e+00	5.280875e-01	2.229669e+00	0.000000e+00	0.000000e+00
360	2.229669e+00	3.001574e+00	3.254160e+00	0.000000e+00	0.000000e+00
361	3.254160e+00	3.448181e+00	2.750243e+00	0.000000e+00	0.000000e+00
362	2.750243e+00	3.947883e-01	3.167054e+00	0.000000e+00	0.000000e+00
363	3.167054e+00	1.232484e+00	3.548483e+00	0.000000e+00	0.000000e+00
364	3.548483e+00	4.656962e-01	3.467087e+00	0.000000e+00	0.000000e+00
365	3.467087e+00	3.818731e+00	3.549424e-01	0.000000e+00	0.000000e+00
366	3.549424e-01	1.738651e+00	4.602546e-01	0.000000e+00	0.000000e+00
367	4.602546e-01	2.812793e+00	1.638911e+00	0.000000e+00	0.000000e+00
368	1.638911e+00	2.904311e+00	4.855482e-02	0.000000e+00	0.000000e+00
369	4.855482e-02	2.605442e+00	1.420305e+00	0.000000e+00	0.000000e+00
370	1.420305e+00	8.351104e-01	9.965361e-01	0.000000e+00	0.000000e+00
371	9.965361e-01	8.927091e-02	3.465607e+00	0.000000e+00	0.000000e+00
372	3.465607e+00	2.839514e+00	1.578306e-01	0.000000e+00	0.000000e+00
373	1.578306e-01	2.006567e+00	2.945259e-01	0.000000e+00	0.000000e+00
374	2.945259e-01	1.555051e+00	2.774835e+00	0.000000e+00	0.000000e+00
375	2.774835e+00	1.022138e+00	3.328337e+00	0.000000e+00	0.000000e+00
376	3.328337e+00	1.377080e+00	3.498560e+00	0.000000e+00	0.000000e+00
377	3.498560e+00	1.837335e+00	3.916867e-01	0.000000e+00	0.000000e+00
378	3.916867e-01	3.476246e+00	1.650997e+00	0.000000e+00	0.000000e+00
379	1.650997e+00	3.524801e+00	3.438395e+00	0.000000e+00	0.000000e+00
380	3.438395e+00	9.451064e-01	2.273676e-01	0.000000e+00	0.000000e+00
381	2.273676e-01	1.941642e+00	4.645205e-01	0.000000e+00	0.000000e+00
382	4.645205e-01	1.407249e+00	1.096462e+00	0.000000e+00	0.000000e+00
383	1.096462e+00	1.565080e+00	2.960887e+00	0.000000e+00	0.000000e+00
384	2.960887e+00	1.859606e+00	1.291009e+00	0.000000e+00	0.000000e+00
385	1.291009e+00	6.344408e-01	3.439861e+00	0.000000e+00	0.000000e+00
386	3.439861e+00	3.962778e+00	3.327365e+00	0.000000e+00	0.000000e+00
387	3.327365e+00	3.461338e+00	2.027661e+00	0.000000e+00	0.000000e+00
388	2.027661e+00	3.853024e+00	3.632268e+00	0.000000e+00	0.000000e+00
389	3.632268e+00	1.504022e+00	3.842317e+00	0.000000e+00	0.000000e+00
390	3.842317e+00	9.424168e-01	8.874769e-01	0.000000e+00	0.000000e+00
391	8.874769e-01	1.169784e+00	2.021907e+00	0.000000e+00	0.000000e+00
392	2.021907e+00	1.634305e+00	1.995852e+00	0.000000e+00	0.000000e+00
393	1.995852e+00	2.730767e+00	3.976364e+00	0.000000e+00	0.000000e+00
394	3.976364e+00	1.691654e+00	3.511926e+00	0.000000e+00	0.000000e+00
395	3.511926e+00	2.982662e+00	6.962723e-02	0.000000e+00	0.000000e+00
396	6.962723e-02	2.422523e+00	2.004408e+00	0.000000e+00	0.000000e+00
397	2.004408e+00	1.749888e+00	1.776525e+00	0.000000e+00	0.000000e+00
398	1.776525e+00	3.777549e+00	1.024887e+00	0.000000e+00	0.000000e+00
399	1.024887e+00	3.409817e+00	3.798051e+00	0.000000e+00	0.000000e+00
400	3.798051e+00	3.252135e+00	3.516321e+00	0.000000e+00	0.000000e+00
401	3.516321e+00	1.396117e-01	1.176233e+00	0.000000e+00	0.000000e+00
402	1.176233e+00	2.161519e+00	2.433944e-01	0.000000e+00	0.000000e+00
403	2.433944e-01	1.573709e-01	8.756356e-01	0.000000e+00	0.000000e+00
404	8.756356e-01	1.337346e-01	3.367482e+00	0.000000e+00	0.000000e+00
405	3.367482e+00	3.645661e+00	2.493770e+00	0.000000e+00	0.000000e+00
406	2.493770e+00	3.715288e+00	1.582835e+00	0.000000e+00	0.000000e+00
407	1.582835e+00	1.719697e+00	1.332380e-01	0.000000e+00	0.000000e+00
408	1.332380e-01	3.496221e+00	2.536665e+00	0.000000e+00	0.000000e+00
409	2.536665e+00	5.211086e-01	2.444114e+00	0.000000e+00	0.000000e+00
410	2.444114e+00	3.191593e-01	3.293979e+00	0.000000e+00	0.000000e+00
411	3.293979e+00	3.835480e+00	1.313629e+00	0.000000e+00	0.000000e+00
412	1.313629e+00	1.011713e+00	9.675836e-01	0.000000e+00	0.000000e+00
413	9.675836e-01	1.255107e+00	3.352305e+00	0.000000e+00	0.000000e+00
414	3.352305e+00	2.130743e+00	3.428680e+00	0.000000e+00	0.000000e+00
415	3.428680e+00	1.498225e+00	2.487718e+00	0.000000e+00	0.000000e+00
416	2.487718e+00	3.991995e+00	3.969278e+00	0.000000e+00	0.000000e+00
417	3.969278e+00	1.574830e+00	3.200727e+00	0.000000e+00	0.000000e+00
418	3.200727e+00	1.708068e+00	2.209725e+00	0.000000e+00	0.000000e+00
419	2.209725e+00	2.447335e-01	6.285402e-01	0.000000e+00	0.000000e+00
420	6.285402e-01	2.688847e+00	2.299490e+00	0.000000e+00	0.000000e+00
421	2.299490e+00	1.982826e+00	1.100516e-01	0.000000e+00	0.000000e+00
422	1.100516e-01	3.296455e+00	8.213227e-02	0.000000e+00	0.000000e+00
423	8.213227e-02	2.640387e-01	2.115838e-01	0.000000e+00	0.000000e+00
424	2.115838e-01	3.616344e+00	4.747698e-01	0.000000e+00	0.000000e+00
425	4.747698e-01	3.045024e+00	3.836169e-01	0.000000e+00	0.000000e+00
426	3.836169e-01	1.532741e+00	7.752158e-03	0.000000e+00	0.000000e+00
427	7.752158e-03	1.502020e+00	1.351584e+00	0.000000e+00	0.000000e+00
428	1.351584e+00	7.027467e-01	2.191638e+00	0.000000e+00	0.000000e+00
429	2.191638e+00	2.912472e+00	3.552799e+00	0.000000e+00	0.000000e+00
430	3.552799e+00	3.541012e+00	1.233121e+00	0.000000e+00	0.000000e+00
431	1.233121e+00	1.840502e+00	2.748922e+00	0.000000e+00	0.000000e+00
432	2.748922e+00	1.950554e+00	1.276436e+00	0.000000e+00	0.000000e+00
433	1.276436e+00	2.032686e+00	1.059057e+00	0.000000e+00	0.000000e+00
434	1.059057e+00	2.244270e+00	2.972421e+00	0.000000e+00	0.000000e+00
435	2.972421e+00	2.719039e+00	2.384011e+00	0.000000e+00	0.000000e+00
436	2.384011e+00	3.102656e+00	1.787595e+00	0.000000e+00	0.000000e+00
437	1.787595e+00	3.110409e+00	2.766010e+00	0.000000e+00	0.000000e+00
438	2.766010e+00	4.619927e-01	1.452494e+00	0.000000e+00	0.000000e+00
439	1.452494e+00	2.653630e+00	3.837106e-01	0.000000e+00	0.000000e+00
440	3.837106e-01	2.206430e+00	2.003775e+00	0.000000e+00	0.000000e+00
441	2.003775e+00	3.439550e+00	1.606665e+00	0.000000e+00	0.000000e+00
442	1.606665e+00	2.188472e+00	5.060107e-01	0.000000e+00	0.000000e+00
443	5.060107e-01	3.464908e+00	3.669395e+00	0.000000e+00	0.000000e+00
444	3.669395e+00	5.239653e-01	2.449123e+00	0.000000e+00	0.000000e+00
445	2.449123e+00	3.496387e+00	2.738744e-01	0.000000e+00	0.000000e+00
446	2.738744e-01	1.880397e+00	3.631367e+00	0.000000e+00	0.000000e+00
447	3.631367e+00	3.667993e+00	4.908794e-01	0.000000e+00	0.000000e+00
448	4.908794e-01	2.434003e+00	2.053138e+00	0.000000e+00	0.000000e+00
449	2.053138e+00	3.886497e+00	2.527869e+00	0.000000e+00	0.000000e+00
450	2.527869e+00	2.702072e-01	2.543612e+00	0.000000e+00	0.000000e+00
451	2.543612e+00	2.273982e+00	3.998566e-01	0.000000e+00	0.000000e+00
452	3.998566e-01	3.880647e+00	2.066550e-01	0.000000e+00	0.000000e+00
453	2.066550e-01	3.866578e-01	2.046139e+00	0.000000e+00	0.000000e+00
454	2.046139e+00	5.605280e-02	2.129893e+00	0.000000e+00	0.000000e+00
455	2.129893e+00	2.505176e+00	9.326864e-01	0.000000e+00	0.000000e+00
456	9.326864e-01	2.779050e+00	2.838136e+00	0.000000e+00	0.000000e+00
457	2.838136e+00	2.410417e+00	3.853994e+00	0.000000e+00	0.000000e+00
458	3.853994e+00	2.901297e+00	1.331845e+00	0.000000e+00	0.000000e+00
459	1.331845e+00	9.544351e-01	1.463326e+00	0.000000e+00	0.000000e+00
460	1.463326e+00	3.482304e+00	3.801237e+00	0.000000e+00	0.000000e+00
461	3.801237e+00	2.025916e+00	1.578698e+00	0.000000e+00	0.000000e+00
462	1.578698e+00	2.425773e+00	1.544631e+00	0.000000e+00	0.000000e+00
463	1.544631e+00	2.632428e+00	9.754729e-01	0.000000e+00	0.000000e+00
464	9.754729e-01	6.785669e-01	9.302797e-01	0.000000e+00	0.000000e+00
465	9.302797e-01	2.808460e+00	3.814732e-01	0.000000e+00	0.000000e+00
466	3.814732e-01	3.741146e+00	1.713064e+00	0.000000e+00	0.000000e+00
467	1.713064e+00	2.579283e+00	2.712647e+00	0.000000e+00	0.000000e+00
468	2.712647e+00	2.433277e+00	2.146233e+00	0.000000e+00	0.000000e+00
469	2.146233e+00	3.765122e+00	1.466316e+00	0.000000e+00	0.000000e+00
470	1.466316e+00	1.228449e+00	1.056606e+00	0.000000e+00	0.000000e+00
471	1.056606e+00	1.029686e+00	2.920878e+00	0.000000e+00	0.000000e+00
472	2.920878e+00	2.608384e+00	6.657972e-01	0.000000e+00	0.000000e+00
473	6.657972e-01	1.530154e-01	2.797374e+00	0.000000e+00	0.000000e+00
474	2.797374e+00	1.128488e+00	9.850038e-01	0.000000e+00	0.000000e+00
475	9.850038e-01	2.058768e+00	1.677809e+00	0.000000e+00	0.000000e+00
476	1.677809e+00	2.440241e+00	1.149665e+00	0.000000e+00	0.000000e+00
477	1.149665e+00	1.533051e-01	3.031937e+00	0.000000e+00	0.000000e+00
478	3.031937e+00	2.865952e+00	3.815507e+00	0.000000e+00	0.000000e+00
479	3.815507e+00	1.012186e+00	1.553511e+00	0.000000e+00	0.000000e+00
480	1.553511e+00	2.478502e+00	2.773820e+00	0.000000e+00	0.000000e+00
481	2.773820e+00	3.535108e+00	2.020045e+00	0.000000e+00	0.000000e+00
482	2.020045e+00	2.455986e+00	3.692042e+00	0.000000e+00	0.000000e+00
483	3.692042e+00	3.121783e+00	3.996468e+00	0.000000e+00	0.000000e+00
484	3.996468e+00	1.919157e+00	9.794600e-01	0.000000e+00	0.000000e+00
485	9.794600e-01	2.904161e+00	7.709122e-01	0.000000e+00	0.000000e+00
486	7.709122e-01	5.819705e-01	3.035108e-01	0.000000e+00	0.000000e+00
487	3.035108e-01	1.731635e+00	2.415392e+00	0.000000e+00	0.000000e+00
488	2.415392e+00	7.635727e-01	2.960550e+00	0.000000e+00	0.000000e+00
489	2.960550e+00	5.790795e-01	3.270830e+00	0.000000e+00	0.000000e+00
490	3.270830e+00	2.132591e+00	8.095597e-01	0.000000e+00	0.000000e+00
491	8.095597e-01	9.064107e-01	3.377975e+00	0.000000e+00	0.000000e+00
492	3.377975e+00	2.926456e+00	5.547736e-01	0.000000e+00	0.000000e+00
493	5.547736e-01	2.618498e+00	1.884588e+00	0.000000e+00	0.000000e+00
494	1.884588e+00	2.614966e+00	3.428907e-01	0.000000e+00	0.000000e+00
495	3.428907e-01	3.594426e+00	8.599613e-01	0.000000e+00	0.000000e+00
496	8.599613e-01	3.653378e-01	3.817273e+00	0.000000e+00	0.000000e+00
497	3.817273e+00	6.688486e-01	2.927890e+00	0.000000e+00	0.000000e+00
498	2.927890e+00	3.084241e+00	9.044592e-01	0.000000e+00	0.000000e+00
499	9.044592e-01	2.044791e+00	3.893214e+00	0.000000e+00	0.000000e+00
500	3.893214e+00	1.315621e+00	1.360470e+00	0.000000e+00	0.000000e+00
501	1.360470e+00	2.125181e+00	2.362835e+00	0.000000e+00	0.000000e+00
502	2.362835e+00	1.503155e+00	1.821186e+00	0.000000e+00	0.000000e+00
503	1.821186e+00	2.057929e+00	4.013194e-01	0.000000e+00	0.000000e+00
504	4.013194e-01	3.942517e+00	9.006106e-01	0.000000e+00	0.000000e+00
505	9.006106e-01	2.854077e-01	3.040631e-01	0.000000e+00	0.000000e+00
506	3.040631e-01	1.145369e+00	2.894860e-01	0.000000e+00	0.000000e+00
507	2.894860e-01	9.626422e-01	2.006544e+00	0.000000e+00	0.000000e+00
508	2.006544e+00	3.890532e+00	4.871750e-01	0.000000e+00	0.000000e+00
509	4.871750e-01	7.949914e-01	3.546885e+00	0.000000e+00	0.000000e+00
510	3.546885e+00	6.882053e-01	7.391864e-01	0.000000e+00	0.000000e+00
511	7.391864e-01	2.048676e+00	2.837898e+00	0.000000e+00	0.000000e+00
512	2.837898e+00	4.115108e-01	3.863065e+00	0.000000e+00	0.000000e+00
513	3.863065e+00	2.232696e+00	3.506731e+00	0.000000e+00	0.000000e+00
514	3.506731e+00	2.634016e+00	1.765362e+00	0.000000e+00	0.000000e+00
515	1.765362e+00	3.534626e+00	3.618418e+00	0.000000e+00	0.000000e+00
516	3.618418e+00	3.838689e+00	1.836812e+00	0.000000e+00	0.000000e+00
517	1.836812e+00	1.281754e-01	7.240555e-01	0.000000e+00	0.000000e+00
518	7.240555e-01	2.134720e+00	2.695539e+00	0.000000e+00	0.000000e+00
519	2.695539e+00	2.621895e+00	2.711813e+00	0.000000e+00	0.000000e+00
520	2.711813e+00	2.168780e+00	4.370816e-02	0.000000e+00	0.000000e+00
521	4.370816e-02	2.907966e+00	3.500784e+00	0.000000e+00	0.000000e+00
522	3.500784e+00	1.745864e+00	4.610150e-01	0.000000e+00	0.000000e+00
523	4.610150e-01	1.608930e+00	3.479175e+00	0.000000e+00	0.000000e+00
524	3.479175e+00	1.115661e+00	2.439852e+00	0.000000e+00	0.000000e+00
525	2.439852e+00	2.881022e+00	1.685937e+00	0.000000e+00	0.000000e+00
526	1.685937e+00	2.499440e+00	2.077391e+00	0.000000e+00	0.000000e+00
527	2.077391e+00	3.362527e-01	3.431487e+00	0.000000e+00	0.000000e+00
528	3.431487e+00	1.060308e+00	6.761147e-01	0.000000e+00	0.000000e+00
529	6.761147e-01	3.755847e+00	2.715734e+00	0.000000e+00	0.000000e+00
530	2.715734e+00	2.467660e+00	1.443559e+00	0.000000e+00	0.000000e+00
531	1.443559e+00	2.511368e+00	2.220059e+00	0.000000e+00	0.000000e+00
532	2.220059e+00	2.012152e+00	3.408071e+00	0.000000e+00	0.000000e+00
533	3.408071e+00	2.473167e+00	2.828778e+00	0.000000e+00	0.000000e+00
534	2.828778e+00	1.952342e+00	8.835017e-01	0.000000e+00	0.000000e+00
535	8.835017e-01	3.921946e-01	2.472851e+00	0.000000e+00	0.000000e+00
536	2.472851e+00	2.078131e+00	3.900890e+00	0.000000e+00	0.000000e+00
537	3.900890e+00	1.555221e-01	1.457104e+00	0.000000e+00	0.000000e+00
538	1.457104e+00	3.587009e+00	1.148038e+00	0.000000e+00	0.000000e+00
539	1.148038e+00	2.631234e-01	3.460867e+00	0.000000e+00	0.000000e+00
540	3.460867e+00	2.978858e+00	3.942475e+00	0.000000e+00	0.000000e+00
541	3.942475e+00	4.224164e-01	3.332050e+00	0.000000e+00	0.000000e+00
542	3.332050e+00	2.642476e+00	4.674890e-01	0.000000e+00	0.000000e+00
543	4.674890e-01	2.050547e+00	3.211858e+00	0.000000e+00	0.000000e+00
544	3.211858e+00	8.793251e-01	3.071888e+00	0.000000e+00	0.000000e+00
545	3.071888e+00	1.762827e+00	1.812940e+00	0.000000e+00	0.000000e+00
546	1.812940e+00	2.356779e-01	3.053432e+00	0.000000e+00	0.000000e+00
547	3.053432e+00	1.365680e-01	6.301763e-01	0.000000e+00	0.000000e+00
548	6.301763e-01	1.593672e+00	3.267229e+00	0.000000e+00	0.000000e+00
549	3.267229e+00	2.741710e+00	1.660129e+00	0.000000e+00	0.000000e+00
550	1.660129e+00	2.202577e+00	2.520689e+00	0.000000e+00	0.000000e+00
551	2.520689e+00	2.145052e+00	1.892618e+00	0.000000e+00	0.000000e+00
552	1.892618e+00	1.477102e+00	3.276699e+00	0.000000e+00	0.000000e+00
553	3.276699e+00	1.944591e+00	3.133948e+00	0.000000e+00	0.000000e+00
554	3.133948e+00	1.156449e+00	9.435386e-01	0.000000e+00	0.000000e+00
555	9.435386e-01	2.283369e-01	3.145324e+00	0.000000e+00	0.000000e+00
556	3.145324e+00	2.041277e+00	3.425241e+00	0.000000e+00	0.000000e+00
557	3.425241e+00	1.094708e+00	3.860680e+00	0.000000e+00	0.000000e+00
558	3.860680e+00	1.724885e+00	3.883128e+00	0.000000e+00	0.000000e+00
559	3.883128e+00	9.921135e-01	1.686990e-01	0.000000e+00	0.000000e+00
560	1.686990e-01	2.652243e+00	3.433128e+00	0.000000e+00	0.000000e+00
561	3.433128e+00	1.172932e+00	3.119973e+00	0.000000e+00	0.000000e+00
562	3.119973e+00	3.065550e+00	1.449294e+00	0.000000e+00	0.000000e+00
563	1.449294e+00	2.342249e+00	1.829161e+00	0.000000e+00	0.000000e+00
564	1.829161e+00	1.476197e+00	3.088354e+00	0.000000e+00	0.000000e+00
565	3.088354e+00	2.419736e+00	2.110373e+00	0.000000e+00	0.000000e+00
566	2.110373e+00	1.565060e+00	1.368071e+00	0.000000e+00	0.000000e+00
567	1.368071e+00	9.903007e-01	7.623360e-01	0.000000e+00	0.000000e+00
568	7.623360e-01	8.509808e-01	1.750274e+00	0.000000e+00	0.000000e+00
569	1.750274e+00	7.341087e-01	1.479922e+00	0.000000e+00	0.000000e+00
570	1.479922e+00	9.028078e-01	3.412147e+00	0.000000e+00	0.000000e+00
571	3.412147e+00	3.359355e-01	3.489424e+00	0.000000e+00	0.000000e+00
572	3.489424e+00	3.455908e+00	1.043802e+00	0.000000e+00	0.000000e+00
573	1.043802e+00	9.052019e-01	5.427720e-01	0.000000e+00	0.000000e+00
574	5.427720e-01	2.734363e+00	1.198191e+00	0.000000e+00	0.000000e+00
575	1.198191e+00	1.822717e+00	2.081946e+00	0.000000e+00	0.000000e+00
576	2.081946e+00	3.933091e+00	1.006979e+00	0.000000e+00	0.000000e+00
577	1.006979e+00	1.301161e+00	1.026719e+00	0.000000e+00	0.000000e+00
578	1.026719e+00	2.063498e+00	2.771344e+00	0.000000e+00	0.000000e+00
579	2.771344e+00	3.813771e+00	1.508083e+00	0.000000e+00	0.000000e+00
580	1.508083e+00	1.293693e+00	2.897064e+00	0.000000e+00	0.000000e+00
581	2.897064e+00	7.058392e-01	1.458977e+00	0.000000e+00	0.000000e+00
582	1.458977e+00	1.952627e-01	3.086440e+00	0.000000e+00	0.000000e+00
583	3.086440e+00	1.239065e+00	3.056152e+00	0.000000e+00	0.000000e+00
584	3.056152e+00	1.781837e+00	5.020615e-01	0.000000e+00	0.000000e+00
585	5.020615e-01	2.980028e+00	3.677063e-01	0.000000e+00	0.000000e+00
586	3.677063e-01	1.061974e+00	1.798411e+00	0.000000e+00	0.000000e+00
587	1.798411e+00	2.068953e+00	2.194161e-01	0.000000e+00	0.000000e+00
588	2.194161e-01	3.095672e+00	3.491402e+00	0.000000e+00	0.000000e+00
589	3.491402e+00	1.867016e+00	3.497497e+00	0.000000e+00	0.000000e+00
590	3.497497e+00	3.375099e+00	4.063996e-01	0.000000e+00	0.000000e+00
591	4.063996e-01	2.272162e+00	1.651238e+00	0.000000e+00	0.000000e+00
592	1.651238e+00	3.731139e+00	2.351984e+00	0.000000e+00	0.000000e+00
593	2.351984e+00	2.817579e+00	3.957932e+00	0.000000e+00	0.000000e+00
594	3.957932e+00	1.873731e+00	2.982437e-01	0.000000e+00	0.000000e+00
595	2.982437e-01	2.375793e+00	2.461272e+00	0.000000e+00	0.000000e+00
596	2.461272e+00	2.743499e+00	5.573920e-01	0.000000e+00	0.000000e+00
597	5.573920e-01	5.419097e-01	3.954673e+00	0.000000e+00	0.000000e+00
598	3.954673e+00	7.613259e-01	1.415451e+00	0.000000e+00	0.000000e+00
599	1.415451e+00	2.527281e-01	2.690001e+00	0.000000e+00	0.000000e+00
600	2.690001e+00	3.750225e+00	1.258243e+00	0.000000e+00	0.000000e+00
601	1.258243e+00	1.566247e-01	5.323247e-01	0.000000e+00	0.000000e+00
602	5.323247e-01	1.807862e+00	1.668779e-03	0.000000e+00	0.000000e+00
603	1.668779e-03	1.598462e-01	7.100779e-01	0.000000e+00	0.000000e+00
604	7.100779e-01	1.177784e-01	3.200324e+00	0.000000e+00	0.000000e+00
605	3.200324e+00	4.160220e-01	6.705984e-01	0.000000e+00	0.000000e+00
606	6.705984e-01	2.877295e+00	3.202847e+00	0.000000e+00	0.000000e+00
607	3.202847e+00	3.434686e+00	3.804048e+00	0.000000e+00	0.000000e+00
608	3.804048e+00	3.389359e+00	3.500921e+00	0.000000e+00	0.000000e+00
609	3.500921e+00	8.048110e-01	1.064810e+00	0.000000e+00	0.000000e+00
610	1.064810e+00	3.494812e+00	2.003798e+00	0.000000e+00	0.000000e+00
611	2.003798e+00	7.530554e-01	1.214948e+00	0.000000e+00	0.000000e+00
612	1.214948e+00	1.285380e+00	1.572366e-01	0.000000e+00	0.000000e+00
613	1.572366e-01	1.287049e+00	1.917104e+00	0.000000e+00	0.000000e+00
614	1.917104e+00	1.997127e+00	1.550703e+00	0.000000e+00	0.000000e+00
615	1.550703e+00	1.197451e+00	3.560095e+00	0.000000e+00	0.000000e+00
616	3.560095e+00	1.868049e+00	3.129849e-01	0.000000e+00	0.000000e+00
617	3.129849e-01	1.070896e+00	1.607785e+00	0.000000e+00	0.000000e+00
618	1.607785e+00	8.749440e-01	3.663911e+00	0.000000e+00	0.000000e+00
619	3.663911e+00	3.758650e-01	1.972765e+00	0.000000e+00	0.000000e+00
620	1.972765e+00	1.440675e+00	3.184356e-02	0.000000e+00	0.000000e+00
621	3.184356e-02	3.444473e+00	2.247547e+00	0.000000e+00	0.000000e+00
622	2.247547e+00	6.594205e-01	2.271113e+00	0.000000e+00	0.000000e+00
623	2.271113e+00	8.166572e-01	2.454525e+00	0.000000e+00	0.000000e+00
624	2.454525e+00	2.733762e+00	2.755716e+00	0.000000e+00	0.000000e+00
625	2.755716e+00	2.844649e-01	3.472929e+00	0.000000e+00	0.000000e+00
626	3.472929e+00	3.844560e+00	3.067436e+00	0.000000e+00	0.000000e+00
627	3.067436e+00	1.575445e-01	2.096629e+00	0.000000e+00	0.000000e+00
628	2.096629e+00	1.765329e+00	5.151826e-01	0.000000e+00	0.000000e+00
629	5.151826e-01	1.429240e+00	3.738547e+00	0.000000e+00	0.000000e+00
630	3.738547e+00	3.402005e+00	2.456723e+00	0.000000e+00	0.000000e+00
631	2.456723e+00	3.433848e+00	1.927954e+00	0.000000e+00	0.000000e+00
632	1.927954e+00	1.681395e+00	2.684566e+00	0.000000e+00	0.000000e+00
633	2.684566e+00	3.952509e+00	7.282262e-01	0.000000e+00	0.000000e+00
634	7.282262e-01	2.407034e+00	7.690134e-01	0.000000e+00	0.000000e+00
635	7.690134e-01	1.162750e+00	2.007252e+00	0.000000e+00	0.000000e+00
636	2.007252e+00	6.356785e-01	1.113539e+00	0.000000e+00	0.000000e+00
637	1.113539e+00	3.703114e+00	1.290723e+00	0.000000e+00	0.000000e+00
638	1.290723e+00	1.799744e+00	2.342850e+00	0.000000e+00	0.000000e+00
639	2.342850e+00	2.314926e+00	3.770843e+00	0.000000e+00	0.000000e+00
640	3.770843e+00	2.053473e+00	2.639511e+00	0.000000e+00	0.000000e+00
641	2.639511e+00	5.101957e-01	9.526515e-01	0.000000e+00	0.000000e+00
642	9.526515e-01	2.438150e+00	3.925213e+00	0.000000e+00	0.000000e+00
643	3.925213e+00	1.122716e+00	3.714431e+00	0.000000e+00	0.000000e+00
644	3.714431e+00	1.850942e+00	2.237411e+00	0.000000e+00	0.000000e+00
645	2.237411e+00	2.619955e+00	1.044856e+00	0.000000e+00	0.000000e+00
646	1.044856e+00	6.272071e-01	3.696860e+00	0.000000e+00	0.000000e+00
647	3.696860e+00	1.740746e+00	2.506409e+00	0.000000e+00	0.000000e+00
648	2.506409e+00	3.031469e+00	3.081288e+00	0.000000e+00	0.000000e+00
649	3.081288e+00	1.374319e+00	1.085406e+00	0.000000e+00	0.000000e+00
650	1.085406e+00	1.145162e+00	2.491528e+00	0.000000e+00	0.000000e+00
651	2.491528e+00	3.784673e+00	3.331499e+00	0.000000e+00	0.000000e+00
652	3.331499e+00	7.373249e-01	1.852865e+00	0.000000e+00	0.000000e+00
653	1.852865e+00	6.625376e-01	3.267402e-01	0.000000e+00	0.000000e+00
654	3.267402e-01	3.769687e-01	1.207649e+00	0.000000e+00	0.000000e+00
655	1.207649e+00	2.614380e+00	3.251307e+00	0.000000e+00	0.000000e+00
656	3.251307e+00	3.659236e+00	1.930644e+00	0.000000e+00	0.000000e+00
657	1.930644e+00	3.356096e+00	3.130953e-01	0.000000e+00	0.000000e+00
658	3.130953e-01	1.862506e+00	4.952903e-01	0.000000e+00	0.000000e+00
659	4.952903e-01	9.437930e-01	2.992412e+00	0.000000e+00	0.000000e+00
660	2.992412e+00	2.029199e+00	3.543006e+00	0.000000e+00	0.000000e+00
661	3.543006e+00	5.207272e-01	6.037957e-01	0.000000e+00	0.000000e+00
662	6.037957e-01	3.852226e+00	1.027356e-01	0.000000e+00	0.000000e+00
663	1.027356e-01	1.705092e+00	7.243913e-01	0.000000e+00	0.000000e+00
664	7.243913e-01	2.031832e+00	3.196989e+00	0.000000e+00	0.000000e+00
665	3.196989e+00	3.239481e+00	2.895422e-01	0.000000e+00	0.000000e+00
666	2.895422e-01	2.490788e+00	2.009303e+00	0.000000e+00	0.000000e+00
667	2.009303e+00	4.214321e-01	1.469809e+00	0.000000e+00	0.000000e+00
668	1.469809e+00	7.345274e-01	3.961785e+00	0.000000e+00	0.000000e+00
669	3.961785e+00	1.229818e+00	3.828080e+00	0.000000e+00	0.000000e+00
670	3.828080e+00	2.222294e-01	8.395371e-01	0.000000e+00	0.000000e+00
671	8.395371e-01	3.765235e+00	1.635668e+00	0.000000e+00	0.000000e+00
672	1.635668e+00	3.690309e-01	3.169124e+00	0.000000e+00	0.000000e+00
673	3.169124e+00	4.717665e-01	1.365117e+00	0.000000e+00	0.000000e+00
674	1.365117e+00	1.196158e+00	3.938079e+00	0.000000e+00	0.000000e+00
675	3.938079e+00	3.931468e-01	1.125421e+00	0.000000e+00	0.000000e+00
676	1.125421e+00	6.826890e-01	1.971999e+00	0.000000e+00	0.000000e+00
677	1.971999e+00	2.691992e+00	2.174673e+00	0.000000e+00	0.000000e+00
678	2.174673e+00	1.618006e-01	2.398520e-01	0.000000e+00	0.000000e+00
679	2.398520e-01	1.235852e-01	3.248824e+00	0.000000e+00	0.000000e+00
680	3.248824e+00	3.951665e+00	2.869957e-01	0.000000e+00	0.000000e+00
681	2.869957e-01	7.912019e-01	1.845894e+00	0.000000e+00	0.000000e+00
682	1.845894e+00	2.426870e+00	3.257019e+00	0.000000e+00	0.000000e+00
683	3.257019e+00	1.595993e+00	2.373236e+00	0.000000e+00	0.000000e+00
684	2.373236e+00	2.961110e+00	3.521285e+00	0.000000e+00	0.000000e+00
685	3.521285e+00	2.899189e+00	3.908814e+00	0.000000e+00	0.000000e+00
686	3.908814e+00	2.461030e-02	2.787132e+00	0.000000e+00	0.000000e+00
687	2.787132e+00	1.996609e+00	2.086882e+00	0.000000e+00	0.000000e+00
688	2.086882e+00	1.712814e-01	2.121159e+00	0.000000e+00	0.000000e+00
689	2.121159e+00	4.111334e-01	3.385254e+00	0.000000e+00	0.000000e+00
690	3.385254e+00	3.659958e+00	8.715782e-01	0.000000e+00	0.000000e+00
691	8.715782e-01	3.946954e+00	2.123138e+00	0.000000e+00	0.000000e+00
692	2.123138e+00	1.792848e+00	3.743728e+00	0.000000e+00	0.000000e+00
693	3.743728e+00	1.049867e+00	1.836085e+00	0.000000e+00	0.000000e+00
694	1.836085e+00	3.423103e+00	1.124600e+00	0.000000e+00	0.000000e+00
695	1.124600e+00	2.944387e+00	8.062612e-01	0.000000e+00	0.000000e+00
696	8.062612e-01	2.853202e+00	1.170612e+00	0.000000e+00	0.000000e+00
697	1.170612e+00	1.640334e+00	2.269539e-01	0.000000e+00	0.000000e+00
698	2.269539e-01	3.727216e+00	3.445097e+00	0.000000e+00	0.000000e+00
699	3.445097e+00	1.848374e+00	2.786824e+00	0.000000e+00	0.000000e+00
700	2.786824e+00	1.233628e+00	2.080217e+00	0.000000e+00	0.000000e+00
701	2.080217e+00	2.105207e+00	2.164812e+00	0.000000e+00	0.000000e+00
702	2.164812e+00	2.283441e-01	6.762764e-01	0.000000e+00	0.000000e+00
703	6.762764e-01	3.972072e+00	7.837344e-01	0.000000e+00	0.000000e+00
704	7.837344e-01	1.808157e+00	3.852303e+00	0.000000e+00	0.000000e+00
705	3.852303e+00	2.932757e+00	1.820061e+00	0.000000e+00	0.000000e+00
706	1.820061e+00	3.739018e+00	3.812429e+00	0.000000e+00	0.000000e+00
707	3.812429e+00	9.096299e-01	3.801406e+00	0.000000e+00	0.000000e+00
708	3.801406e+00	1.136584e+00	3.961664e+00	0.000000e+00	0.000000e+00
709	3.961664e+00	5.816802e-01	5.330561e-01	0.000000e+00	0.000000e+00
710	5.330561e-01	3.368505e+00	7.644059e-01	0.000000e+00	0.000000e+00
711	7.644059e-01	1.448722e+00	9.427093e-01	0.000000e+00	0.000000e+00
712	9.427093e-01	3.613534e+00	2.913860e+00	0.000000e+00	0.000000e+00
713	2.913860e+00	2.898100e-01	1.934878e+00	0.000000e+00	0.000000e+00
714	1.934878e+00	1.073544e+00	3.789988e-01	0.000000e+00	0.000000e+00
715	3.789988e-01	9.258472e-01	1.767507e+00	0.000000e+00	0.000000e+00
716	1.767507e+00	2.745908e+00	2.009216e+00	0.000000e+00	0.000000e+00
717	2.009216e+00	2.558337e+00	3.891259e+00	0.000000e+00	0.000000e+00
718	3.891259e+00	2.359742e+00	1.500517e+00	0.000000e+00	0.000000e+00
719	1.500517e+00	2.321407e+00	9.581503e-01	0.000000e+00	0.000000e+00
720	9.581503e-01	2.854463e+00	1.649412e+00	0.000000e+00	0.000000e+00
721	1.649412e+00	3.618869e+00	4.458795e-01	0.000000e+00	0.000000e+00
722	4.458795e-01	5.615780e-01	3.470691e+00	0.000000e+00	0.000000e+00
723	3.470691e+00	3.475438e+00	2.467576e+00	0.000000e+00	0.000000e+00
724	2.467576e+00	1.410317e+00	3.272617e+00	0.000000e+00	0.000000e+00
725	3.272617e+00	1.789316e+00	3.010415e+00	0.000000e+00	0.000000e+00
726	3.010415e+00	3.556822e+00	2.487231e+00	0.000000e+00	0.000000e+00
727	2.487231e+00	1.566038e+00	2.873677e+00	0.000000e+00	0.000000e+00
728	2.873677e+00	1.457297e+00	3.967071e-01	0.000000e+00	0.000000e+00
729	3.967071e-01	2.957814e+00	2.501417e+00	0.000000e+00	0.000000e+00
730	2.501417e+00	3.915964e+00	3.974632e+00	0.000000e+00	0.000000e+00
731	3.974632e+00	1.565376e+00	2.896568e+00	0.000000e+00	0.000000e+00
732	2.896568e+00	2.011255e+00	1.432039e+00	0.000000e+00	0.000000e+00
733	1.432039e+00	1.481947e+00	2.573187e-01	0.000000e+00	0.000000e+00
734	2.573187e-01	3.949523e+00	1.561432e-01	0.000000e+00	0.000000e+00
735	1.561432e-01	3.222139e+00	9.808149e-01	0.000000e+00	0.000000e+00
736	9.808149e-01	2.232555e+00	5.513944e-01	0.000000e+00	0.000000e+00
737	5.513944e-01	7.197858e-01	2.680310e+00	0.000000e+00	0.000000e+00
738	2.680310e+00	3.593463e+00	3.168969e+00	0.000000e+00	0.000000e+00
739	3.168969e+00	3.990170e+00	1.979034e+00	0.000000e+00	0.000000e+00
740	1.979034e+00	2.491587e+00	3.643562e+00	0.000000e+00	0.000000e+00
741	3.643562e+00	2.466219e+00	9.269580e-01	0.000000e+00	0.000000e+00
742	9.269580e-01	1.362788e+00	2.771932e+00	0.000000e+00	0.000000e+00
743	2.771932e+00	2.794826e+00	9.234529e-02	0.000000e+00	0.000000e+00
744	9.234529e-02	3.052145e+00	2.823075e+00	0.000000e+00	0.000000e+00
745	2.823075e+00	3.208288e+00	3.343120e+00	0.000000e+00	0.000000e+00
746	3.343120e+00	1.891032e-01	3.419988e+00	0.000000e+00	0.000000e+00
747	3.419988e+00	7.404976e-01	1.062894e+00	0.000000e+00	0.000000e+00
748	1.062894e+00	3.420808e+00	1.630959e-01	0.000000e+00	0.000000e+00
749	1.630959e-01	2.589777e+00	2.221112e+00	0.000000e+00	0.000000e+00
750	2.221112e+00	5.688105e-01	1.950932e-01	0.000000e+00	0.000000e+00
751	1.950932e-01	2.123721e-01	3.734450e+00	0.000000e+00	0.000000e+00
752	3.734450e+00	1.139330e+00	1.285062e+00	0.000000e+00	0.000000e+00
753	1.285062e+00	3.911263e+00	3.176216e-01	0.000000e+00	0.000000e+00
754	3.176216e-01	3.607815e-03	3.299703e+00	0.000000e+00	0.000000e+00
755	3.299703e+00	2.826683e+00	1.503925e+00	0.000000e+00	0.000000e+00
756	1.503925e+00	2.169803e+00	1.940700e+00	0.000000e+00	0.000000e+00
757	1.940700e+00	1.589791e+00	3.097262e+00	0.000000e+00	0.000000e+00
758	3.097262e+00	2.652685e+00	3.847287e+00	0.000000e+00	0.000000e+00
759	3.847287e+00	2.815781e+00	5.874819e-01	0.000000e+00	0.000000e+00
760	5.874819e-01	1.036893e+00	3.819265e+00	0.000000e+00	0.000000e+00
761	3.819265e+00	1.231986e+00	1.517266e+00	0.000000e+00	0.000000e+00
762	1.517266e+00	9.664362e-01	5.780561e-01	0.000000e+00	0.000000e+00
763	5.780561e-01	2.251499e+00	2.433672e+00	0.000000e+00	0.000000e+00
764	2.433672e+00	2.569120e+00	3.341433e+00	0.000000e+00	0.000000e+00
765	3.341433e+00	1.868824e+00	3.457483e+00	0.000000e+00	0.000000e+00
766	3.457483e+00	3.372748e+00	3.762635e+00	0.000000e+00	0.000000e+00
767	3.762635e+00	1.313449e+00	8.082854e-01	0.000000e+00	0.000000e+00
768	8.082854e-01	4.107108e-01	1.274744e+00	0.000000e+00	0.000000e+00
769	1.274744e+00	2.579976e-01	3.309784e-01	0.000000e+00	0.000000e+00
770	3.309784e-01	8.454796e-01	3.956024e+00	0.000000e+00	0.000000e+00
771	3.956024e+00	6.647441e-01	3.793441e+00	0.000000e+00	0.000000e+00
772	3.793441e+00	2.182011e+00	7.701888e-01	0.000000e+00	0.000000e+00
773	7.701888e-01	2.760067e+00	1.658199e+00	0.000000e+00	0.000000e+00
774	1.658199e+00	1.193739e+00	2.549817e+00	0.000000e+00	0.000000e+00
775	2.549817e+00	5.351722e-01	2.268118e+00	0.000000e+00	0.000000e+00
776	2.268118e+00	3.992655e+00	1.562216e-01	0.000000e+00	0.000000e+00
777	1.562216e-01	3.755290e+00	3.634117e+00	0.000000e+00	0.000000e+00
778	3.634117e+00	5.635755e-01	1.764697e+00	0.000000e+00	0.000000e+00
779	1.764697e+00	1.838319e+00	2.711057e+00	0.000000e+00	0.000000e+00
780	2.711057e+00	2.169297e+00	6.943108e-01	0.000000e+00	0.000000e+00
781	6.943108e-01	2.125321e+00	3.909551e+00	0.000000e+00	0.000000e+00
782	3.909551e+00	1.918762e+00	9.122645e-02	0.000000e+00	0.000000e+00
783	9.122645e-02	2.688951e+00	2.524401e+00	0.000000e+00	0.000000e+00
784	2.524401e+00	3.471502e-01	3.526696e+00	0.000000e+00	0.000000e+00
785	3.526696e+00	2.896967e+00	2.397814e+00	0.000000e+00	0.000000e+00
786	2.397814e+00	1.165085e+00	6.416799e-01	0.000000e+00	0.000000e+00
787	6.416799e-01	1.321306e+00	1.989950e-01	0.000000e+00	0.000000e+00
788	1.989950e-01	9.554230e-01	1.670207e-01	0.000000e+00	0.000000e+00
789	1.670207e-01	2.720120e+00	3.930442e-01	0.000000e+00	0.000000e+00
790	3.930442e-01	1.431177e+00	1.464547e+00	0.000000e+00	0.000000e+00
791	1.464547e+00	2.125488e+00	3.200794e+00	0.000000e+00	0.000000e+00
792	3.200794e+00	2.035038e+00	3.119052e+00	0.000000e+00	0.000000e+00
793	3.119052e+00	2.126265e+00	1.797376e+00	0.000000e+00	0.000000e+00
794	1.797376e+00	6.506656e-01	1.669439e+00	0.000000e+00	0.000000e+00
795	1.669439e+00	1.773611e-01	2.076675e+00	0.000000e+00	0.000000e+00
796	2.076675e+00	2.575175e+00	2.476565e+00	0.000000e+00	0.000000e+00
797	2.476565e+00	3.216855e+00	2.631745e+00	0.000000e+00	0.000000e+00
798	2.631745e+00	3.415850e+00	3.350501e+00	0.000000e+00	0.000000e+00
799	3.350501e+00	3.582870e+00	1.907576e+00	0.000000e+00	0.000000e+00
800	1.907576e+00	3.975915e+00	2.633949e+00	0.000000e+00	0.000000e+00
801	2.633949e+00	1.440462e+00	1.485642e+00	0.000000e+00	0.000000e+00
802	1.485642e+00	6.412560e-01	2.256098e+00	0.000000e+00	0.000000e+00
803	2.256098e+00	3.760308e+00	1.715505e+00	0.000000e+00	0.000000e+00
804	1.715505e+00	1.557684e+00	1.522062e+00	0.000000e+00	0.000000e+00
805	1.522062e+00	3.227124e+00	2.255865e-01	0.000000e+00	0.000000e+00
806	2.255865e-01	1.303798e+00	9.419537e-02	0.000000e+00	0.000000e+00
807	9.419537e-02	3.780364e+00	1.284111e+00	0.000000e+00	0.000000e+00
808	1.284111e+00	2.412109e+00	3.429449e+00	0.000000e+00	0.000000e+00
809	3.429449e+00	1.762610e+00	2.949065e-01	0.000000e+00	0.000000e+00
810	2.949065e-01	3.670187e+00	2.591541e+00	0.000000e+00	0.000000e+00
811	2.591541e+00	2.304135e+00	3.013664e+00	0.000000e+00	0.000000e+00
812	3.013664e+00	3.789777e+00	1.470825e+00	0.000000e+00	0.000000e+00
813	1.470825e+00	2.045875e+00	2.054250e+00	0.000000e+00	0.000000e+00
814	2.054250e+00	3.761380e+00	3.288341e+00	0.000000e+00	0.000000e+00
815	3.288341e+00	1.283442e+00	6.997935e-01	0.000000e+00	0.000000e+00
816	6.997935e-01	1.509029e+00	6.864205e-01	0.000000e+00	0.000000e+00
817	6.864205e-01	1.603224e+00	3.889902e+00	0.000000e+00	0.000000e+00
818	3.889902e+00	2.887335e+00	2.509233e+00	0.000000e+00	0.000000e+00
819	2.509233e+00	2.316783e+00	7.114352e-01	0.000000e+00	0.000000e+00
820	7.114352e-01	2.611690e+00	2.889551e+00	0.000000e+00	0.000000e+00
821	2.889551e+00	1.203231e+00	2.508129e+00	0.000000e+00	0.000000e+00
822	2.508129e+00	2.168949e-01	2.767963e+00	0.000000e+00	0.000000e+00
823	2.767963e+00	1.687720e+00	2.788105e+00	0.000000e+00	0.000000e+00
824	2.788105e+00	3.741970e+00	3.659308e-01	0.000000e+00	0.000000e+00
825	3.659308e-01	3.030311e+00	1.170880e+00	0.000000e+00	0.000000e+00
826	1.170880e+00	3.730104e+00	3.279628e+00	0.000000e+00	0.000000e+00
827	3.279628e+00	4.165249e-01	1.168740e+00	0.000000e+00	0.000000e+00
828	1.168740e+00	3.064271e-01	1.469960e+00	0.000000e+00	0.000000e+00
829	1.469960e+00	2.815661e+00	3.533791e+00	0.000000e+00	0.000000e+00
830	3.533791e+00	3.527096e+00	1.267808e+00	0.000000e+00	0.000000e+00
831	1.267808e+00	2.416647e+00	1.305961e+00	0.000000e+00	0.000000e+00
832	1.305961e+00	9.247764e-01	1.133890e+00	0.000000e+00	0.000000e+00
833	1.133890e+00	3.692740e+00	3.007695e+00	0.000000e+00	0.000000e+00
834	3.007695e+00	2.480845e+00	6.428801e-01	0.000000e+00	0.000000e+00
835	6.428801e-01	2.846775e+00	3.561507e+00	0.000000e+00	0.000000e+00
836	3.561507e+00	1.765567e-02	3.989164e+00	0.000000e+00	0.000000e+00
837	3.989164e+00	3.297284e+00	2.020044e+00	0.000000e+00	0.000000e+00
838	2.020044e+00	4.660233e-01	2.938259e+00	0.000000e+00	0.000000e+00
839	2.938259e+00	1.935983e+00	2.173258e+00	0.000000e+00	0.000000e+00
840	2.173258e+00	1.469774e+00	1.994581e-02	0.000000e+00	0.000000e+00
841	1.994581e-02	2.737582e+00	3.069865e+00	0.000000e+00	0.000000e+00
842	3.069865e+00	4.354247e-02	2.336680e+00	0.000000e+00	0.000000e+00
843	2.336680e+00	1.177433e+00	3.291213e+00	0.000000e+00	0.000000e+00
844	3.291213e+00	1.851279e-01	3.987717e+00	0.000000e+00	0.000000e+00
845	3.987717e+00	8.280080e-01	3.714531e+00	0.000000e+00	0.000000e+00
846	3.714531e+00	3.895155e-01	3.171450e+00	0.000000e+00	0.000000e+00
847	3.171450e+00	3.786792e-01	3.044894e+00	0.000000e+00	0.000000e+00
848	3.044894e+00	2.398723e+00	3.224765e+00	0.000000e+00	0.000000e+00
849	3.224765e+00	1.336982e+00	2.220296e+00	0.000000e+00	0.000000e+00
850	2.220296e+00	3.510240e+00	7.429232e-01	0.000000e+00	0.000000e+00
851	7.429232e-01	3.530186e+00	1.682197e+00	0.000000e+00	0.000000e+00
852	1.682197e+00	2.600051e+00	3.546248e+00	0.000000e+00	0.000000e+00
853	3.546248e+00	9.367304e-01	1.103038e+00	0.000000e+00	0.000000e+00
854	1.103038e+00	2.279438e-01	1.140673e+00	0.000000e+00	0.000000e+00
855	1.140673e+00	2.156608e-01	2.508337e-02	0.000000e+00	0.000000e+00
856	2.508337e-02	3.930192e+00	2.927149e+00	0.000000e+00	0.000000e+00
857	2.927149e+00	3.101642e+00	1.126499e+00	0.000000e+00	0.000000e+00
858	1.126499e+00	2.146536e+00	3.791872e+00	0.000000e+00	0.000000e+00
859	3.791872e+00	1.371301e+00	3.932284e-01	0.000000e+00	0.000000e+00
860	3.932284e-01	3.591597e+00	2.464359e+00	0.000000e+00	0.000000e+00
861	2.464359e+00	3.345206e-01	3.273071e+00	0.000000e+00	0.000000e+00
862	3.273071e+00	2.016718e+00	1.253252e-01	0.000000e+00	0.000000e+00
863	1.253252e-01	1.562966e+00	2.155012e+00	0.000000e+00	0.000000e+00
864	2.155012e+00	2.666004e+00	3.698277e-01	0.000000e+00	0.000000e+00
865	3.698277e-01	3.806677e+00	3.412651e+00	0.000000e+00	0.000000e+00
866	3.412651e+00	3.831760e+00	2.844990e+00	0.000000e+00	0.000000e+00
867	2.844990e+00	2.758910e+00	2.656007e+00	0.000000e+00	0.000000e+00
868	2.656007e+00	3.885409e+00	8.657486e-01	0.000000e+00	0.000000e+00
869	8.657486e-01	3.677281e+00	4.124720e-01	0.000000e+00	0.000000e+00
870	4.124720e-01	7.050939e-02	3.469435e+00	0.000000e+00	0.000000e+00
871	3.469435e+00	2.534868e+00	2.056584e+00	0.000000e+00	0.000000e+00
872	2.056584e+00	1.807939e+00	3.243784e+00	0.000000e+00	0.000000e+00
873	3.243784e+00	1.933264e+00	1.367715e+00	0.000000e+00	0.000000e+00
874	1.367715e+00	8.827615e-02	3.719589e+00	0.000000e+00	0.000000e+00
875	3.719589e+00	4.581038e-01	2.287124e+00	0.000000e+00	0.000000e+00
876	2.287124e+00	3.870755e+00	7.848506e-01	0.000000e+00	0.000000e+00
877	7.848506e-01	2.715744e+00	2.384220e+00	0.000000e+00	0.000000e+00
878	2.384220e+00	1.371752e+00	2.130126e+00	0.000000e+00	0.000000e+00
879	2.130126e+00	2.237500e+00	3.247333e+00	0.000000e+00	0.000000e+00
880	3.247333e+00	2.649972e+00	3.956138e+00	0.000000e+00	0.000000e+00
881	3.956138e+00	2.119408e+00	9.994625e-01	0.000000e+00	0.000000e+00
882	9.994625e-01	1.759920e-01	5.950547e-02	0.000000e+00	0.000000e+00
883	5.950547e-02	3.419776e+00	6.825142e-01	0.000000e+00	0.000000e+00
884	6.825142e-01	7.874907e-01	3.971527e+00	0.000000e+00	0.000000e+00
885	3.971527e+00	5.070793e-01	3.067217e+00	0.000000e+00	0.000000e+00
886	3.067217e+00	2.794203e+00	1.994667e+00	0.000000e+00	0.000000e+00
887	1.994667e+00	3.579054e+00	3.681027e+00	0.000000e+00	0.000000e+00
888	3.681027e+00	1.963274e+00	1.252796e+00	0.000000e+00	0.000000e+00
889	1.252796e+00	9.339962e-02	2.501846e+00	0.000000e+00	0.000000e+00
890	2.501846e+00	3.340733e+00	3.821406e+00	0.000000e+00	0.000000e+00
891	3.821406e+00	3.296870e+00	3.675833e+00	0.000000e+00	0.000000e+00
892	3.675833e+00	2.963328e-01	1.338199e+00	0.000000e+00	0.000000e+00
893	1.338199e+00	3.558382e-01	9.338285e-01	0.000000e+00	0.000000e+00
894	9.338285e-01	1.038352e+00	6.177342e-01	0.000000e+00	0.000000e+00
895	6.177342e-01	1.009879e+00	7.597437e-01	0.000000e+00	0.000000e+00
896	7.597437e-01	7.709636e-02	7.725079e-01	0.000000e+00	0.000000e+00
897	7.725079e-01	2.071764e+00	3.501016e+00	0.000000e+00	0.000000e+00
898	3.501016e+00	1.752791e+00	3.601276e+00	0.000000e+00	0.000000e+00
899	3.601276e+00	3.005587e+00	1.939037e+00	0.000000e+00	0.000000e+00
900	1.939037e+00	1.507434e+00	2.926770e+00	0.000000e+00	0.000000e+00
901	2.926770e+00	1.328839e+00	2.033910e+00	0.000000e+00	0.000000e+00
902	2.033910e+00	1.004673e+00	1.317042e+00	0.000000e+00	0.000000e+00
903	1.317042e+00	2.342872e+00	1.995096e-02	0.000000e+00	0.000000e+00
904	1.995096e-02	3.276700e+00	3.510350e+00	0.000000e+00	0.000000e+00
905	3.510350e+00	3.894434e+00	3.507829e+00	0.000000e+00	0.000000e+00
906	3.507829e+00	6.541781e-01	2.299510e+00	0.000000e+00	0.000000e+00
907	2.299510e+00	1.426686e+00	6.702453e-01	0.000000e+00	0.000000e+00
908	6.702453e-01	9.277022e-01	1.004254e+00	0.000000e+00	0.000000e+00
909	1.004254e+00	5.289786e-01	1.431662e+00	0.000000e+00	0.000000e+00
910	1.431662e+00	2.468015e+00	1.199803e+00	0.000000e+00	0.000000e+00
911	1.199803e+00	1.394785e+00	2.648145e-01	0.000000e+00	0.000000e+00
912	2.648145e-01	3.428695e+00	3.626158e+00	0.000000e+00	0.000000e+00
913	3.626158e+00	7.457374e-01	3.343341e+00	0.000000e+00	0.000000e+00
914	3.343341e+00	7.656883e-01	9.887519e-02	0.000000e+00	0.000000e+00
915	9.887519e-02	2.760386e-01	1.864289e+00	0.000000e+00	0.000000e+00
916	1.864289e+00	3.783867e+00	3.706800e+00	0.000000e+00	0.000000e+00
917	3.706800e+00	2.083378e+00	3.621074e+00	0.000000e+00	0.000000e+00
918	3.621074e+00	2.753623e+00	1.288139e+00	0.000000e+00	0.000000e+00
919	1.288139e+00	3.757877e+00	1.960791e+00	0.000000e+00	0.000000e+00
920	1.960791e+00	1.189539e+00	1.408768e-01	0.000000e+00	0.000000e+00
921	1.408768e-01	2.389343e+00	3.649802e+00	0.000000e+00	0.000000e+00
922	3.649802e+00	2.654157e+00	1.634002e-01	0.000000e+00	0.000000e+00
923	1.634002e-01	2.280316e+00	3.019870e+00	0.000000e+00	0.000000e+00
924	3.019870e+00	1.623656e+00	1.153040e+00	0.000000e+00	0.000000e+00
925	1.153040e+00	1.722531e+00	3.180644e+00	0.000000e+00	0.000000e+00
926	3.180644e+00	3.586821e+00	1.862426e+00	0.000000e+00	0.000000e+00
927	1.862426e+00	3.293620e+00	1.970894e+00	0.000000e+00	0.000000e+00
928	1.970894e+00	2.914694e+00	3.007065e+00	0.000000e+00	0.000000e+00
929	3.007065e+00	2.028328e-01	5.722136e-01	0.000000e+00	0.000000e+00
930	5.722136e-01	2.163624e+00	6.053779e-01	0.000000e+00	0.000000e+00
931	6.053779e-01	2.304501e+00	2.033327e+00	0.000000e+00	0.000000e+00
932	2.033327e+00	1.954303e+00	2.889972e+00	0.000000e+00	0.000000e+00
933	2.889972e+00	2.117703e+00	4.923533e-01	0.000000e+00	0.000000e+00
934	4.923533e-01	1.137573e+00	2.860423e+00	0.000000e+00	0.000000e+00
935	2.860423e+00	2.290613e+00	1.504532e+00	0.000000e+00	0.000000e+00
936	1.504532e+00	1.471256e+00	3.932508e+00	0.000000e+00	0.000000e+00
937	3.932508e+00	3.333683e+00	4.438615e-01	0.000000e+00	0.000000e+00
938	4.438615e-01	1.304577e+00	3.708838e+00	0.000000e+00	0.000000e+00
939	3.708838e+00	3.116414e-01	2.731692e+00	0.000000e+00	0.000000e+00
940	2.731692e+00	8.838550e-01	2.944085e+00	0.000000e+00	0.000000e+00
941	2.944085e+00	1.489233e+00	1.545821e+00	0.000000e+00	0.000000e+00
942	1.545821e+00	3.522560e+00	2.801714e+00	0.000000e+00	0.000000e+00
943	2.801714e+00	2.412532e+00	2.337922e+00	0.000000e+00	0.000000e+00
944	2.337922e+00	2.904885e+00	3.497787e+00	0.000000e+00	0.000000e+00
945	3.497787e+00	1.765308e+00	2.380183e+00	0.000000e+00	0.000000e+00
946	2.380183e+00	3.269840e+00	8.493996e-01	0.000000e+00	0.000000e+00
947	8.493996e-01	3.202348e+00	2.612237e+00	0.000000e+00	0.000000e+00
948	2.612237e+00	3.646210e+00	3.289768e+00	0.000000e+00	0.000000e+00
949	3.289768e+00	3.355048e+00	1.701319e-01	0.000000e+00	0.000000e+00
950	1.701319e-01	2.086739e+00	3.214120e+00	0.000000e+00	0.000000e+00
951	3.214120e+00	1.030824e+00	5.626079e-01	0.000000e+00	0.000000e+00
952	5.626079e-01	2.576645e+00	3.865399e+00	0.000000e+00	0.000000e+00
953	3.865399e+00	1.378359e+00	1.285893e+00	0.000000e+00	0.000000e+00
954	1.285893e+00	3.716281e+00	3.843960e+00	0.000000e+00	0.000000e+00
955	3.843960e+00	3.214068e+00	6.926395e-01	0.000000e+00	0.000000e+00
956	6.926395e-01	1.594251e+00	3.012575e+00	0.000000e+00	0.000000e+00
957	3.012575e+00	2.443650e+00	6.661939e-01	0.000000e+00	0.000000e+00
958	6.661939e-01	1.055887e+00	3.624389e+00	0.000000e+00	0.000000e+00
959	3.624389e+00	3.456549e-01	2.894226e+00	0.000000e+00	0.000000e+00
960	2.894226e+00	5.157868e-01	3.047917e+00	0.000000e+00	0.000000e+00
961	3.047917e+00	3.729906e+00	6.908420e-01	0.000000e+00	0.000000e+00
962	6.908420e-01	2.925143e-01	1.856327e+00	0.000000e+00	0.000000e+00
963	1.856327e+00	1.579133e-01	1.434343e+00	0.000000e+00	0.000000e+00
964	1.434343e+00	1.443806e+00	3.917245e+00	0.000000e+00	0.000000e+00
965	3.917245e+00	1.287766e+00	1.654549e-01	0.000000e+00	0.000000e+00
966	1.654549e-01	1.980406e+00	3.683505e+00	0.000000e+00	0.000000e+00
967	3.683505e+00	9.929812e-01	2.403903e+00	0.000000e+00	0.000000e+00
968	2.403903e+00	1.659175e+00	7.705111e-01	0.000000e+00	0.000000e+00
969	7.705111e-01	1.283564e+00	2.492167e+00	0.000000e+00	0.000000e+00
970	2.492167e+00	1.777901e-01	2.300562e+00	0.000000e+00	0.000000e+00
971	2.300562e+00	3.225708e+00	3.139781e+00	0.000000e+00	0.000000e+00
972	3.139781e+00	3.916549e+00	2.555645e+00	0.000000e+00	0.000000e+00
973	2.555645e+00	1.772876e+00	3.349868e+00	0.000000e+00	0.000000e+00
974	3.349868e+00	3.207220e+00	3.860372e+00	0.000000e+00	0.000000e+00
975	3.860372e+00	3.124464e+00	3.584944e+00	0.000000e+00	0.000000e+00
976	3.584944e+00	3.289919e+00	9.037668e-01	0.000000e+00	0.000000e+00
977	9.037668e-01	2.973424e+00	6.662397e-01	0.000000e+00	0.000000e+00
978	6.662397e-01	1.377328e+00	1.484600e+00	0.000000e+00	0.000000e+00
979	1.484600e+00	2.147839e+00	2.648614e+00	0.000000e+00	0.000000e+00
980	2.648614e+00	6.400054e-01	3.284162e-01	0.000000e+00	0.000000e+00
981	3.284162e-01	2.940567e+00	1.738124e+00	0.000000e+00	0.000000e+00
982	1.738124e+00	2.080348e+00	3.440347e+00	0.000000e+00	0.000000e+00
983	3.440347e+00	6.359930e-01	1.300482e+00	0.000000e+00	0.000000e+00
984	1.300482e+00	3.985861e+00	6.044243e-01	0.000000e+00	0.000000e+00
985	6.044243e-01	3.846234e+00	1.196133e+00	0.000000e+00	0.000000e+00
986	1.196133e+00	3.431178e+00	3.768247e+00	0.000000e+00	0.000000e+00
987	3.768247e+00	3.349451e-01	3.333342e+00	0.000000e+00	0.000000e+00
988	3.333342e+00	1.001185e+00	5.576121e-01	0.000000e+00	0.000000e+00
989	5.576121e-01	2.485784e+00	3.065447e+00	0.000000e+00	0.000000e+00
990	3.065447e+00	1.134399e+00	1.751072e+00	0.000000e+00	0.000000e+00
991	1.751072e+00	1.462815e+00	3.662404e+00	0.000000e+00	0.000000e+00
992	3.662404e+00	3.200939e+00	1.490286e+00	0.000000e+00	0.000000e+00
993	1.490286e+00	2.641286e+00	1.091044e+00	0.000000e+00	0.000000e+00
994	1.091044e+00	3.941768e+00	3.899022e+00	0.000000e+00	0.000000e+00
995	3.899022e+00	5.461927e-01	1.831464e+00	0.000000e+00	0.000000e+00
996	1.831464e+00	1.742325e+00	3.053825e+00	0.000000e+00	0.000000e+00
997	3.053825e+00	1.510572e+00	3.249610e+00	0.000000e+00	0.000000e+00
998	3.249610e+00	8.439135e-01	8.227235e-01	0.000000e+00	0.000000e+00
999	8.227235e-01	1.401526e+00	5.436754e-01	0.000000e+00	0.000000e+00
1000	5.436754e-01	4.669725e-01	9.046327e-01	0.000000e+00	0.000000e+00