100
0 1.520165e+00 3.812629e+00 8.885388e-01 -1.563948e-07 6.355077e-07
1 8.885388e-01 3.435723e+00 2.382758e+00 -3.058253e-07 6.402613e-07
2 2.382758e+00 3.074969e-01 1.705548e+00 0.000000e+00 0.000000e+00
3 1.705548e+00 3.563466e+00 3.131527e+00 -1.570101e-07 7.548916e-07
4 3.131527e+00 8.622795e-02 1.521256e+00 1.341524e-05 -3.964339e-06
5 1.521256e+00 3.794851e+00 2.424355e+00 -1.584939e-07 6.415822e-07
6 2.424355e+00 1.892278e+00 3.731125e+00 8.903063e-08 3.391929e-06
7 3.731125e+00 6.035050e-01 2.240064e+00 4.370744e-06 9.595129e-07
8 2.240064e+00 3.256890e+00 3.173416e+00 -4.726271e-08 9.768898e-07
9 3.173416e+00 2.923186e+00 1.141963e+00 3.304502e-07 1.093210e-06
10 1.141963e+00 4.433515e-01 1.573404e+00 -5.440900e-06 5.957240e-07
11 1.573404e+00 1.331890e+00 2.424770e+00 -3.101714e-06 3.925815e-06
12 2.424770e+00 3.714648e+00 1.351959e+00 9.055951e-09 7.344329e-07
13 1.351959e+00 1.420197e+00 1.747017e+00 -2.519026e-06 2.719173e-06
14 1.747017e+00 5.517238e-01 3.444130e+00 -1.716324e-05 6.593441e-06
15 3.444130e+00 2.072979e+00 3.794928e+00 1.035440e-06 1.722347e-06
16 3.794928e+00 4.973343e-01 3.808709e+00 4.162868e-06 5.596126e-07
17 3.808709e+00 2.284593e-01 5.874746e-01 4.174711e-06 -2.313958e-07
18 5.874746e-01 2.468523e+00 3.504465e-01 -6.903948e-07 8.310449e-07
19 3.504465e-01 1.641939e+00 2.813273e-01 -1.205952e-06 7.918436e-07
20 2.813273e-01 2.783902e+00 2.483681e-02 -5.230669e-07 6.164017e-07
21 2.483677e-02 3.573059e-01 3.204069e+00 -1.532797e-06 3.237899e-08
22 3.204069e+00 2.782076e+00 2.690799e+00 3.951490e-07 1.190569e-06
23 2.690800e+00 1.340339e-01 1.740994e+00 5.945507e-05 -3.347998e-05
24 1.740994e+00 1.881052e+00 8.774167e-01 -1.115136e-06 2.734226e-06
25 8.774166e-01 1.325182e+00 3.808691e+00 -2.139713e-06 1.446552e-06
26 3.808691e+00 1.120110e+00 6.322430e-01 2.750600e-06 1.567516e-06
27 6.322429e-01 9.288182e-01 2.059300e+00 -2.329198e-06 8.267169e-07
28 2.059300e+00 1.516293e+00 2.743248e+00 -1.407803e-06 5.261107e-06
29 2.743248e+00 1.866739e+00 2.350382e+00 7.500060e-07 3.244031e-06
30 2.350382e+00 2.148067e+00 2.400867e+00 -4.425869e-08 2.516099e-06
31 2.400867e+00 2.172903e+00 3.783243e+00 2.378739e-08 2.450337e-06
32 3.783243e+00 1.376973e+00 8.802673e-01 2.182686e-06 1.666801e-06
33 8.802672e-01 6.777121e-02 3.397488e+00 -3.637762e-06 -5.804128e-07
34 3.397488e+00 1.808765e+00 2.466432e+00 1.454395e-06 2.151741e-06
35 2.466432e+00 2.686181e+00 3.608356e+00 5.291863e-08 1.504371e-06
36 3.608356e+00 2.494872e+00 1.247613e+00 6.630524e-07 1.183377e-06
37 1.247613e+00 3.127115e+00 3.115330e+00 -3.447164e-07 8.562505e-07
38 3.115330e+00 1.186415e+00 3.451570e+00 4.170573e-06 5.003730e-06
39 3.451570e+00 3.929663e+00 1.429748e+00 1.692171e-07 5.734708e-07
40 1.429748e+00 2.280045e+00 2.191829e+00 -7.730038e-07 1.599970e-06
41 2.191828e+00 6.809136e-01 3.311216e+00 -2.207151e-05 4.316706e-05
42 3.311216e+00 4.641558e-01 3.212678e+00 9.484665e-06 1.600349e-06
43 3.212678e+00 1.344423e+00 3.248175e+00 3.020846e-06 3.774333e-06
44 3.248175e+00 7.419111e-01 1.164724e+00 8.128112e-06 4.080075e-06
45 1.164724e+00 3.208343e+00 4.064548e-01 -3.335326e-07 7.943348e-07
46 4.064548e-01 2.816699e+00 7.682952e-01 -5.172111e-07 6.566742e-07
47 7.682951e-01 6.431187e-02 2.058954e+00 -3.163460e-06 -4.765091e-07
48 2.058954e+00 3.179642e+00 8.659052e-01 -1.143587e-07 1.014363e-06
49 8.659052e-01 2.631212e+00 1.539596e+00 -6.053402e-07 9.273399e-07
50 1.539596e+00 6.095964e-02 3.613532e-01 -1.060644e-05 -3.101282e-06
51 3.613532e-01 2.252789e+00 1.356014e+00 -7.807381e-07 7.513407e-07
52 1.356014e+00 1.564004e+00 3.727647e+00 -2.049352e-06 2.507952e-06
53 3.727647e+00 7.766822e-01 2.167052e+00 3.968641e-06 1.384522e-06
54 2.167051e+00 2.485603e-02 2.415221e+00 -4.092619e-05 -5.362558e-05
55 2.415221e+00 1.189581e+00 1.349572e+00 4.025416e-07 1.093785e-05
56 1.349572e+00 1.596036e+00 2.778795e+00 -1.955655e-06 2.438997e-06
57 2.778795e+00 2.364331e+00 3.335134e+00 3.674998e-07 1.908625e-06
58 3.335134e+00 4.232851e-01 1.077888e+00 9.197257e-06 1.118186e-06
59 1.077888e+00 1.289190e+00 2.750304e+00 -2.555710e-06 1.922738e-06
60 2.750304e+00 2.828786e+00 2.702766e+00 1.894868e-07 1.299840e-06
61 2.702766e+00 3.190139e+00 3.336141e+00 1.118519e-07 1.007566e-06
62 3.336141e+00 5.461532e-01 4.336708e-01 8.564575e-06 2.143933e-06
63 4.336707e-01 2.738004e-01 2.875624e+00 -2.243762e-06 -3.879094e-08
64 2.875624e+00 2.440852e+00 2.059488e+00 4.004049e-07 1.733140e-06
65 2.059488e+00 8.560741e-01 4.516957e-01 -1.067848e-05 1.812097e-05
66 4.516957e-01 2.205646e+00 1.660602e+00 -8.294669e-07 8.153294e-07
67 1.660602e+00 9.844413e-01 2.933820e+00 -6.350142e-06 5.952582e-06
68 2.933821e+00 3.195749e-01 3.386680e+00 2.806208e-05 6.150556e-07
69 3.386680e+00 1.397462e+00 2.470752e+00 2.630995e-06 2.856490e-06
70 2.470755e+00 1.477612e-01 1.615783e+00 1.237259e-04 -2.245920e-04
71 1.615783e+00 2.850533e+00 3.013603e+00 -3.490145e-07 1.157217e-06
72 3.013603e+00 2.186674e+00 1.975427e+00 6.906984e-07 2.057470e-06
73 1.975427e+00 2.620345e+00 1.713933e+00 -2.681892e-07 1.522793e-06
74 1.713933e+00 1.495969e+00 1.477297e+00 -2.248794e-06 3.996005e-06
75 1.477297e+00 3.555457e+00 2.430242e+00 -2.014254e-07 7.225289e-07
76 2.430242e+00 7.150454e-03 9.792233e-01 1.440254e-05 -9.109844e-05
77 9.792233e-01 1.667755e+00 1.892536e+00 -1.602972e-06 1.553546e-06
78 1.892535e+00 6.015750e-01 3.229133e+00 -2.237714e-05 1.342376e-05
79 3.229133e+00 3.988255e+00 1.854921e+00 1.339737e-07 5.826317e-07
80 1.854921e+00 2.459006e+00 3.309495e+00 -4.140279e-07 1.687613e-06
81 3.309495e+00 7.478927e-02 3.954208e+00 9.059168e-06 -2.274795e-06
82 3.954208e+00 3.088392e+00 1.145075e+00 4.112003e-07 7.276749e-07
83 1.145075e+00 1.063819e+00 2.609741e+00 -3.458686e-06 2.113531e-06
84 2.609741e+00 2.777752e+00 2.515260e+00 1.268016e-07 1.379981e-06
85 2.515270e+00 2.550456e-01 3.276853e+00 3.904390e-04 -1.545449e-04
86 3.276853e+00 2.685292e+00 2.244092e+00 4.650967e-07 1.236898e-06
87 2.244092e+00 3.664515e+00 2.195771e+00 -3.117686e-08 7.547724e-07
88 2.195771e+00 1.557051e+00 2.467026e+00 -7.905937e-07 5.283199e-06
89 2.467026e+00 7.861851e-01 1.357430e-01 6.258335e-06 3.555069e-05
90 1.357430e-01 2.641105e+00 1.952227e+00 -5.636097e-07 5.853295e-07
91 1.952227e+00 1.950601e+00 2.619244e+00 -7.491801e-07 2.859215e-06
92 2.619244e+00 1.904809e+00 1.472935e+00 4.790104e-07 3.235410e-06
93 1.472935e+00 3.049884e+00 2.946970e+00 -3.216480e-07 9.695111e-07
94 2.946970e+00 1.659625e+00 1.916975e+00 1.529868e-06 3.666312e-06
95 1.916974e+00 1.748852e-01 4.424358e-01 -3.496977e-05 -9.956126e-06
96 4.424358e-01 3.451739e+00 2.975050e+00 -3.280620e-07 5.316160e-07
97 2.975050e+00 1.695830e+00 3.175419e+00 1.468789e-06 3.442844e-06
98 3.175419e+00 3.891602e+00 3.977362e+00 1.366692e-07 6.179652e-07
99 3.977362e+00 2.358628e+00 3.202049e+00 7.754266e-07 9.974274e-07
