100
0 1.520189e+00 3.812279e+00 8.885388e-01 9.635145e-04 -1.399534e-02
1 8.885440e-01 3.435718e+00 2.382758e+00 2.083241e-04 -1.925420e-04
2 2.382779e+00 3.074881e-01 1.705548e+00 8.412648e-04 -3.517508e-04
3 1.705542e+00 3.563462e+00 3.131527e+00 -2.457343e-04 -1.657109e-04
4 3.131537e+00 8.623919e-02 1.521256e+00 3.986029e-04 4.455220e-04
5 1.521252e+00 3.794959e+00 2.424355e+00 -1.565944e-04 4.336358e-03
6 2.424360e+00 1.892287e+00 3.731125e+00 1.914310e-04 3.569567e-04
7 3.731132e+00 6.034889e-01 2.240064e+00 2.678494e-04 -6.450790e-04
8 2.240063e+00 3.256884e+00 3.173416e+00 -4.939775e-05 -2.519029e-04
9 3.173413e+00 2.923161e+00 1.141963e+00 -1.296888e-04 -1.002717e-03
10 1.141966e+00 4.433553e-01 1.573404e+00 1.055185e-04 1.539484e-04
11 1.573401e+00 1.331898e+00 2.424770e+00 -1.177936e-04 3.374127e-04
12 2.424762e+00 3.714638e+00 1.351959e+00 -3.362374e-04 -4.062270e-04
13 1.351964e+00 1.420226e+00 1.747017e+00 2.146417e-04 1.173598e-03
14 1.747037e+00 5.517354e-01 3.444130e+00 7.840483e-04 4.730037e-04
15 3.444121e+00 2.072975e+00 3.794928e+00 -3.738259e-04 -1.728677e-04
16 3.794909e+00 4.973545e-01 3.808709e+00 -7.442248e-04 8.082606e-04
17 3.808700e+00 2.284720e-01 5.874746e-01 -3.478312e-04 5.074540e-04
18 5.874782e-01 2.468520e+00 3.504465e-01 1.443166e-04 -1.081345e-04
19 3.504539e-01 1.641939e+00 2.813273e-01 2.975466e-04 -2.416029e-06
20 2.813343e-01 2.783897e+00 2.483681e-02 2.794655e-04 -1.829701e-04
21 2.484310e-02 3.573074e-01 3.204069e+00 2.515703e-04 6.100411e-05
22 3.204071e+00 2.782062e+00 2.690799e+00 6.665870e-05 -5.786035e-04
23 2.690789e+00 1.340486e-01 1.740994e+00 -4.079454e-04 5.561581e-04
24 1.741003e+00 1.881050e+00 8.774167e-01 3.476436e-04 -7.301408e-05
25 8.774348e-01 1.325182e+00 3.808691e+00 7.254567e-04 -7.902200e-06
26 3.808682e+00 1.120110e+00 6.322430e-01 -3.715926e-04 -1.096243e-05
27 6.322509e-01 9.288216e-01 2.059300e+00 3.176091e-04 1.357591e-04
28 2.059313e+00 1.516301e+00 2.743248e+00 5.375527e-04 3.115110e-04
29 2.743236e+00 1.866742e+00 2.350382e+00 -4.818708e-04 1.328399e-04
30 2.350520e+00 2.148126e+00 2.400867e+00 5.536679e-03 2.357536e-03
31 2.400786e+00 2.172855e+00 3.783243e+00 -3.258524e-03 -1.930208e-03
32 3.783233e+00 1.376972e+00 8.802673e-01 -4.112061e-04 -2.839569e-05
33 8.802490e-01 6.777628e-02 3.397488e+00 -7.306392e-04 2.025249e-04
34 3.397479e+00 1.808768e+00 2.466432e+00 -3.588622e-04 1.334305e-04
35 2.466444e+00 2.686181e+00 3.608356e+00 4.917230e-04 1.697514e-05
36 3.608348e+00 2.494868e+00 1.247613e+00 -3.313012e-04 -1.514564e-04
37 1.247621e+00 3.127113e+00 3.115330e+00 3.374332e-04 -6.020097e-05
38 3.115335e+00 1.186429e+00 3.451570e+00 1.810916e-04 5.730972e-04
39 3.451557e+00 3.929659e+00 1.429748e+00 -5.288405e-04 -1.544836e-04
40 1.429755e+00 2.280043e+00 2.191829e+00 2.676634e-04 -7.140224e-05
41 2.191825e+00 6.809139e-01 3.311216e+00 -1.728705e-04 5.748173e-05
42 3.311245e+00 4.641130e-01 3.212678e+00 1.161220e-03 -1.715228e-03
43 3.212675e+00 1.344420e+00 3.248175e+00 -1.287717e-04 -1.158822e-04
44 3.248175e+00 7.419073e-01 1.164724e+00 -1.715058e-05 -1.491032e-04
45 1.164751e+00 3.208320e+00 4.064548e-01 1.084847e-03 -9.055588e-04
46 4.064586e-01 2.816696e+00 7.682952e-01 1.501544e-04 -1.308317e-04
47 7.683303e-01 6.431871e-02 2.058954e+00 1.405262e-03 2.732208e-04
48 2.058963e+00 3.179641e+00 8.659052e-01 3.671311e-04 -4.821064e-05
49 8.659100e-01 2.631211e+00 1.539596e+00 1.925398e-04 -5.631039e-05
50 1.539599e+00 6.096744e-02 3.613532e-01 1.157573e-04 3.087440e-04
51 3.613763e-01 2.252780e+00 1.356014e+00 9.232800e-04 -3.495169e-04
52 1.355954e+00 1.564310e+00 3.727647e+00 -2.434391e-03 1.234026e-02
53 3.727640e+00 7.766695e-01 2.167052e+00 -2.696541e-04 -5.068352e-04
54 2.167059e+00 2.486832e-02 2.415221e+00 2.627056e-04 4.379980e-04
55 2.415219e+00 1.189586e+00 1.349572e+00 -8.460926e-05 1.803954e-04
56 1.349663e+00 1.595594e+00 2.778795e+00 3.661006e-03 -1.778886e-02
57 2.778804e+00 2.364338e+00 3.335134e+00 3.423554e-04 2.697316e-04
58 3.335040e+00 4.234448e-01 1.077888e+00 -3.775797e-03 6.396339e-03
59 1.077890e+00 1.289193e+00 2.750304e+00 6.506472e-05 1.085814e-04
60 2.750287e+00 2.828774e+00 2.702766e+00 -6.943511e-04 -4.756306e-04
61 2.702762e+00 3.190129e+00 3.336141e+00 -1.447540e-04 -4.046943e-04
62 3.336122e+00 5.460962e-01 4.336708e-01 -7.521162e-04 -2.275716e-03
63 4.336755e-01 2.738027e-01 2.875624e+00 1.886991e-04 9.393890e-05
64 2.875598e+00 2.440833e+00 2.059488e+00 -1.029555e-03 -7.784968e-04
65 2.059489e+00 8.560669e-01 4.516957e-01 3.818920e-05 -2.664037e-04
66 4.516869e-01 2.205654e+00 1.660602e+00 -3.503678e-04 3.041744e-04
67 1.660604e+00 9.844455e-01 2.933820e+00 7.749959e-05 1.722951e-04
68 2.933819e+00 3.195767e-01 3.386680e+00 -2.693516e-05 7.030675e-05
69 3.386660e+00 1.397460e+00 2.470752e+00 -8.079734e-04 -7.680348e-05
70 2.470762e+00 1.478007e-01 1.615783e+00 3.976534e-04 1.356226e-03
71 1.615784e+00 2.850534e+00 3.013603e+00 2.655431e-05 5.590884e-05
72 3.013593e+00 2.186675e+00 1.975427e+00 -3.959616e-04 3.930469e-05
73 1.975424e+00 2.620335e+00 1.713933e+00 -1.005437e-04 -4.178644e-04
74 1.713928e+00 1.495966e+00 1.477297e+00 -1.919018e-04 -1.000087e-04
75 1.477307e+00 3.555456e+00 2.430242e+00 4.064687e-04 -5.100240e-05
76 2.430245e+00 7.177901e-03 9.792233e-01 1.184416e-04 1.006803e-03
77 9.792344e-01 1.667747e+00 1.892536e+00 4.446087e-04 -3.106778e-04
78 1.892525e+00 6.015752e-01 3.229133e+00 -4.500432e-04 2.128850e-05
79 3.229114e+00 3.988214e+00 1.854921e+00 -7.640840e-04 -1.637813e-03
80 1.854928e+00 2.459007e+00 3.309495e+00 2.616747e-04 5.314914e-05
81 3.309485e+00 7.480064e-02 3.954208e+00 -4.041597e-04 4.524451e-04
82 3.954202e+00 3.088388e+00 1.145075e+00 -2.226480e-04 -1.434958e-04
83 1.145078e+00 1.063832e+00 2.609741e+00 1.324337e-04 5.182692e-04
84 2.609742e+00 2.777743e+00 2.515260e+00 5.205644e-05 -3.572710e-04
85 2.515248e+00 2.550411e-01 3.276853e+00 -4.795348e-04 -3.366825e-04
86 3.276831e+00 2.685306e+00 2.244092e+00 -8.797631e-04 5.660190e-04
87 2.244095e+00 3.664507e+00 2.195771e+00 1.264795e-04 -3.123851e-04
88 2.195756e+00 1.557051e+00 2.467026e+00 -5.876874e-04 1.805963e-05
89 2.467021e+00 7.861841e-01 1.357430e-01 -2.124817e-04 -3.740893e-06
90 1.357495e-01 2.641103e+00 1.952227e+00 2.605568e-04 -6.323295e-05
91 1.952231e+00 1.950599e+00 2.619244e+00 1.625030e-04 -8.324486e-05
92 2.619247e+00 1.904808e+00 1.472935e+00 1.080937e-04 -5.585007e-05
93 1.472936e+00 3.049880e+00 2.946970e+00 4.482482e-05 -1.739215e-04
94 2.947082e+00 1.659778e+00 1.916975e+00 4.490854e-03 6.136465e-03
95 1.916981e+00 1.748943e-01 4.424358e-01 2.346952e-04 3.544264e-04
96 4.424414e-01 3.451736e+00 2.975050e+00 2.229868e-04 -1.327915e-04
97 2.974975e+00 1.695743e+00 3.175419e+00 -2.993469e-03 -3.493005e-03
98 3.175428e+00 3.891614e+00 3.977362e+00 3.417689e-04 4.745500e-04
99 3.977354e+00 2.358626e+00 3.202049e+00 -3.370616e-04 -6.181067e-05
